0,1,0,0,0,0,-1,-1,5,0,0,2,177.7104386,0,3
0,1,0,0,0,0,-1,-1,5,0,0,2,192.4214125,0,3
0,1,0,0,0,0,-1,-1,5,0,0,2,211.3030998,0,3
0,1,0,0,0,0,-1,-1,4,1,0,2,233.3452378,2,2
0,1,0,0,0,0,-1,-1,5,0,0,2,211.3030998,0,2
0,1,0,0,0,0,-1,-1,5,0,0,2,192.4214125,0,2
0,1,0,0,0,0,-1,-1,5,0,0,2,177.7104386,0,2
0,1,0,0,0,0,-1,-1,5,0,0,2,168.2676439,0,2
0,1,0,0,0,0,-1,-1,5,0,0,2,272.1249713,1,3
0,1,0,0,0,0,-1,-1,5,0,0,2,266.0545057,1,3
0,1,0,0,0,0,-1,-1,5,0,0,2,264,1,0
0,1,0,0,0,0,-1,-1,5,0,0,2,297,1,0
0,1,0,0,0,0,-1,-1,5,0,0,2,280.0142853,0,0
0,1,0,0,0,0,-1,-1,5,0,0,2,280.0142853,0,0
0,1,0,0,0,0,-1,-1,5,0,0,2,280.0142853,0,0
0,1,0,0,0,0,-1,-1,5,0,0,2,280.0142853,0,2
0,1,0,0,0,0,-1,-1,4,0,1,2,304.2449671,3,2
0,1,0,0,0,0,-1,-1,4,0,1,2,304.2449671,3,2
0,1,0,0,0,0,-1,-1,4,0,1,2,304.2449671,3,0
0,1,0,0,0,0,-1,-1,4,0,1,2,283.8767338,3,0
0,1,0,0,0,0,-1,-1,4,0,1,2,266.0545057,3,0
0,1,0,0,0,0,-1,-1,4,0,1,2,251.3205125,3,0
0,1,0,0,0,0,-1,-1,4,0,1,2,251.3205125,3,3
0,1,0,0,0,0,-1,-1,4,0,1,2,221.3707298,3,0
0,1,0,0,0,0,-1,-1,4,0,1,2,208.7103256,3,0
0,1,0,0,0,0,-1,-1,4,0,1,2,200.7311635,0,0
0,1,0,0,0,0,-1,-1,4,0,1,2,168.2676439,0,0
0,1,0,0,0,0,-1,-1,4,0,1,2,136.0624856,0,0
0,1,0,0,0,0,-1,-1,4,0,1,2,104.3551628,0,0
0,1,0,0,0,0,-1,-1,4,0,1,2,73.79024326,0,0
0,1,0,0,0,0,-1,-1,3,0,2,2,46.66904756,0,0
0,1,0,0,0,0,-1,-1,0,0,3,4,33,3,3
0,1,0,0,0,0,-1,-1,0,1,2,4,33,3,3
0,1,0,0,0,0,-1,-1,0,1,1,5,33,1,3
0,1,0,0,0,0,-1,-1,0,1,1,5,66,1,3
0,1,0,0,0,0,-1,-1,0,1,1,5,99,1,3
0,1,0,0,0,0,-1,-1,0,0,1,6,99,1,3
0,1,0,0,0,0,-1,-1,0,0,0,7,211.3030998,1,1
0,1,0,0,0,0,-1,-1,0,0,0,7,211.3030998,1,1
0,1,0,0,0,0,-1,-1,0,0,1,6,186.6761902,3,1
0,1,0,0,0,0,-1,-1,0,1,1,5,165,3,1
0,1,0,0,0,0,-1,-1,0,1,1,5,147.5804865,3,1
0,1,0,0,0,0,-1,-1,0,1,3,3,136.0624856,2,1
0,1,0,0,0,0,-1,-1,0,1,4,2,132,2,1
0,1,0,0,0,0,-1,-1,0,1,4,2,136.0624856,3,1
0,1,0,0,0,0,-1,-1,0,1,4,2,136.0624856,3,3
0,1,0,0,0,0,-1,-1,0,1,4,2,104.3551628,3,3
0,1,0,0,0,0,-1,-1,0,1,3,3,73.79024326,3,1
0,1,0,0,0,0,-1,-1,1,1,3,2,73.79024326,3,3
0,1,0,0,0,0,-1,-1,1,1,2,3,46.66904756,3,3
0,1,0,0,0,0,-1,-1,1,1,0,5,33,1,3
0,1,0,0,0,0,-1,-1,1,2,0,4,46.66904756,1,3
0,1,0,0,0,0,-1,-1,1,3,0,3,73.79024326,2,3
0,1,0,0,0,0,-1,-1,1,3,0,3,73.79024326,2,3
0,1,0,0,0,0,-1,-1,1,3,0,3,104.3551628,2,3
0,1,0,0,0,0,-1,-1,1,3,0,3,118.9831921,2,3
0,1,0,0,0,0,-1,-1,1,2,0,4,304.2449671,1,2
0,1,0,0,0,0,-1,-1,1,1,0,5,283.8767338,2,2
0,1,0,0,0,0,-1,-1,1,1,0,5,257.7382393,2,2
0,1,0,0,0,0,-1,-1,1,1,0,5,233.3452378,2,2
0,1,0,0,0,0,-1,-1,1,1,0,5,233.3452378,2,0
0,1,0,0,0,0,-1,-1,1,1,0,5,211.3030998,2,0
0,1,0,0,0,0,-1,-1,1,1,0,5,192.4214125,2,0
0,1,0,0,0,0,-1,-1,1,1,0,5,177.7104386,2,0
0,1,0,0,0,0,-1,-1,1,1,0,5,177.7104386,2,0
0,1,0,0,0,0,-1,-1,1,1,0,5,177.7104386,2,0
0,1,0,0,0,0,-1,-1,1,1,0,5,177.7104386,2,2
0,1,0,0,0,0,-1,-1,1,1,0,5,147.5804865,2,2
0,1,0,0,0,0,-1,-1,1,1,0,5,118.9831921,2,2
0,1,0,0,0,0,-1,-1,1,1,0,5,93.33809512,2,2
0,1,0,0,0,0,-1,-1,1,1,0,5,93.33809512,2,0
0,1,0,0,0,0,-1,-1,1,1,0,5,73.79024326,2,0
0,1,0,0,0,0,-1,-1,1,1,0,5,66,2,0
0,1,0,0,0,0,-1,-1,1,1,0,5,73.79024326,0,0
0,1,0,0,0,0,-1,-1,0,1,0,6,46.66904756,2,0
0,1,0,0,0,0,-1,-1,0,1,0,6,33,2,0
0,1,0,0,0,0,-1,-1,0,0,0,7,46.66904756,1,0
0,1,0,0,0,0,-1,-1,0,0,0,7,177.7104386,1,1
0,1,0,0,0,0,-1,-1,0,0,0,7,147.5804865,1,1
0,1,0,0,0,0,-1,-1,0,0,0,7,118.9831921,1,1
0,1,0,0,0,0,-1,-1,0,0,0,7,93.33809512,1,1
0,1,0,0,0,0,-1,-1,0,1,0,6,73.79024326,2,1
0,1,0,0,0,0,-1,-1,0,2,0,5,66,2,1
0,1,0,0,0,0,-1,-1,0,2,0,5,66,2,1
0,1,0,0,0,0,-1,-1,1,1,0,5,73.79024326,2,1
0,1,0,0,0,0,-1,-1,1,1,0,5,93.33809512,2,1
0,1,0,0,0,0,-1,-1,1,1,0,5,93.33809512,2,1
0,1,0,0,0,0,-1,-1,2,0,0,5,118.9831921,0,1
0,1,0,0,0,0,-1,-1,2,0,0,5,118.9831921,0,1
0,1,0,0,0,0,-1,-1,2,0,0,5,147.5804865,0,1
0,1,0,0,0,0,-1,-1,2,0,0,5,147.5804865,0,1
0,1,0,0,0,0,-1,-1,2,0,0,5,147.5804865,0,1
0,1,0,0,0,0,-1,-1,2,0,0,5,147.5804865,0,2
0,1,0,0,0,0,-1,-1,2,0,0,5,136.0624856,0,2
0,1,0,0,0,0,-1,-1,2,0,0,5,165,0,2
0,1,0,0,0,0,-1,-1,2,0,0,5,168.2676439,0,2
0,1,0,0,0,0,-1,-1,2,0,0,5,208.7103256,0,1
0,1,0,0,0,0,-1,-1,2,0,0,5,240.2436263,0,1
0,1,0,0,0,0,-1,-1,2,0,0,5,272.1249713,0,1
0,1,0,0,0,0,-1,-1,2,0,0,5,272.1249713,0,1
0,1,0,0,0,0,-1,-1,2,0,0,5,297,1,1
0,1,0,0,0,0,-1,-1,2,0,0,5,298.8277096,1,1
0,1,0,0,0,0,-1,-1,2,0,0,5,304.2449671,1,1
0,1,0,0,0,0,-1,-1,2,0,0,5,304.2449671,1,1
0,1,0,0,0,0,-1,-1,2,0,0,5,313.0654884,1,3
0,1,0,0,0,0,-1,-1,2,0,0,5,313.0654884,1,3
0,1,0,0,0,0,-1,-1,2,0,0,5,331.6458955,1,3
0,1,0,0,0,0,-1,-1,2,0,0,5,331.6458955,1,3
0,1,0,0,0,0,-1,-1,2,0,0,5,331.6458955,1,1
0,1,0,0,0,0,-1,-1,2,0,0,5,298.8277096,1,1
0,1,0,0,0,0,-1,-1,2,0,0,5,266.0545057,1,1
0,1,0,0,0,0,-1,-1,2,0,1,4,233.3452378,1,1
0,1,0,0,0,0,-1,-1,2,0,1,4,200.7311635,1,1
0,1,0,0,0,0,-1,-1,2,0,1,4,200.7311635,1,1
0,1,0,0,0,0,-1,-1,2,0,1,4,200.7311635,1,1
0,1,0,0,0,0,-1,-1,2,0,1,4,200.7311635,1,1
0,1,0,0,0,0,-1,-1,2,0,1,4,200.7311635,1,1
0,1,0,0,0,0,-1,-1,2,0,1,4,200.7311635,1,1
0,1,0,0,0,0,-1,-1,2,0,1,4,200.7311635,1,2
0,1,0,0,0,0,-1,-1,2,0,2,3,208.7103256,1,2
0,1,0,0,0,0,-1,-1,2,0,2,3,208.7103256,1,2
0,1,0,0,0,0,-1,-1,2,0,2,3,208.7103256,1,2
0,1,0,0,0,0,-1,-1,2,0,2,3,208.7103256,1,1
0,1,0,0,0,0,-1,-1,2,0,3,2,177.7104386,1,1
0,1,0,0,0,0,-1,-1,2,0,3,2,147.5804865,1,1
0,1,0,0,0,0,-1,-1,2,0,3,2,118.9831921,1,1
0,1,0,0,0,0,-1,-1,2,0,4,1,93.33809512,3,1
0,1,0,0,0,0,-1,-1,2,0,5,0,73.79024326,3,1
0,1,0,0,0,0,-1,-1,2,0,5,0,73.79024326,3,1
0,1,0,0,0,0,-1,-1,2,0,5,0,73.79024326,3,1
0,1,0,0,0,0,-1,-1,2,0,5,0,73.79024326,3,1
0,1,0,0,0,0,-1,-1,2,0,5,0,73.79024326,3,1
0,1,0,0,0,0,-1,-1,2,0,5,0,66,3,1
0,1,0,0,0,0,-1,-1,2,0,5,0,93.33809512,3,1
0,1,0,0,0,0,-1,-1,2,0,5,0,93.33809512,3,3
0,1,0,0,0,0,-1,-1,2,0,4,1,73.79024326,1,3
0,1,0,0,0,0,-1,-1,2,0,4,1,66,1,2
0,1,0,0,0,0,-1,-1,2,0,4,1,73.79024326,1,2
0,1,0,0,0,0,-1,-1,2,0,5,0,93.33809512,3,2
0,1,0,0,0,0,-1,-1,2,0,5,0,93.33809512,3,2
0,1,0,0,0,0,-1,-1,2,0,5,0,93.33809512,3,3
0,1,0,0,0,0,-1,-1,2,0,4,1,73.79024326,1,3
0,1,0,0,0,0,-1,-1,2,0,4,1,66,1,3
0,1,0,0,0,0,-1,-1,2,0,4,1,73.79024326,1,2
0,1,0,0,0,0,-1,-1,2,0,4,1,66,1,2
0,1,0,0,0,0,-1,-1,2,0,4,1,73.79024326,1,3
0,1,0,0,0,0,-1,-1,2,0,4,1,66,1,1
0,1,0,0,0,0,-1,-1,2,0,4,1,33,1,1
0,1,0,0,0,0,-1,-1,3,0,4,0,33,0,1
0,1,0,0,0,0,-1,-1,3,0,4,0,66,0,1
0,1,0,0,0,0,-1,-1,3,0,4,0,99,0,1
0,1,0,0,0,0,-1,-1,3,0,4,0,104.3551628,0,1
0,1,0,0,0,0,-1,-1,3,0,4,0,118.9831921,0,1
0,1,0,0,0,0,-1,-1,3,0,4,0,118.9831921,0,1
0,1,0,0,0,0,-1,-1,3,0,4,0,118.9831921,0,1
0,1,0,0,0,0,-1,-1,3,0,4,0,147.5804865,0,1
0,1,0,0,0,0,-1,-1,3,0,4,0,208.7103256,3,0
0,1,0,0,0,0,-1,-1,3,0,4,0,200.7311635,3,0
0,1,0,0,0,0,-1,-1,3,0,4,0,198,3,0
0,1,0,0,0,0,-1,-1,3,0,4,0,177.7104386,0,0
0,1,0,0,0,0,-1,-1,3,0,4,0,177.7104386,0,0
0,1,0,0,0,0,-1,-1,3,0,4,0,177.7104386,0,0
0,1,0,0,0,0,-1,-1,3,0,4,0,177.7104386,0,2
0,1,0,0,0,0,-1,-1,3,0,4,0,168.2676439,0,2
0,1,0,0,0,0,-1,-1,3,0,4,0,168.2676439,0,2
0,1,0,0,0,0,-1,-1,3,0,4,0,200.7311635,0,2
0,1,0,0,0,0,-1,-1,3,0,4,0,264,3,0
0,1,0,0,0,0,-1,-1,3,0,4,0,264,3,0
0,1,0,0,0,0,-1,-1,3,0,4,0,266.0545057,0,0
0,1,0,0,0,0,-1,-1,3,0,4,0,233.3452378,0,0
0,1,0,0,0,0,-1,-1,3,0,4,0,208.7103256,0,0
0,1,0,0,0,0,-1,-1,3,0,4,0,177.7104386,0,0
0,1,0,0,0,0,-1,-1,3,0,4,0,177.7104386,0,0
0,1,0,0,0,0,-1,-1,3,0,4,0,208.7103256,0,0
0,1,0,0,0,0,-1,-1,3,0,4,0,240.2436263,0,0
0,1,0,0,0,0,-1,-1,3,0,4,0,240.2436263,0,0
0,1,0,0,0,0,-1,-1,3,0,4,0,240.2436263,0,3
0,1,0,0,0,0,-1,-1,3,0,4,0,266.0545057,0,3
0,1,0,0,0,0,-1,-1,3,0,3,1,237.9663842,3,3
0,1,0,0,0,0,-1,-1,3,0,2,2,211.3030998,3,3
0,1,0,0,0,0,-1,-1,3,0,1,3,186.6761902,3,3
0,1,0,0,0,0,-1,-1,3,0,0,4,165,1,3
0,1,0,0,0,0,-1,-1,3,0,0,4,165,1,3
0,1,0,0,0,0,-1,-1,3,0,0,4,165,1,3
0,1,0,0,0,0,-1,-1,3,0,0,4,165,1,3
0,1,0,0,0,0,-1,-1,3,0,0,4,165,1,3
0,1,0,0,0,0,-1,-1,3,0,0,4,165,1,3
0,1,0,0,0,0,-1,-1,3,0,0,4,165,1,3
0,1,0,0,0,0,-1,-1,3,0,0,4,165,1,1
0,1,0,0,0,0,-1,-1,3,0,1,3,140.0071427,3,1
0,1,0,0,0,0,-1,-1,3,0,2,2,118.9831921,3,1
0,1,0,0,0,0,-1,-1,3,0,2,2,118.9831921,3,1
0,1,0,0,0,0,-1,-1,3,0,2,2,118.9831921,3,1
0,1,0,0,0,0,-1,-1,3,0,2,2,118.9831921,3,1
0,1,0,0,0,0,-1,-1,3,0,2,2,118.9831921,3,1
0,1,0,0,0,0,-1,-1,3,0,2,2,118.9831921,3,1
0,1,0,0,0,0,-1,-1,3,0,2,2,118.9831921,3,1
0,1,0,0,0,0,-1,-1,3,0,2,2,118.9831921,3,1
0,1,0,0,0,0,-1,-1,3,0,2,2,118.9831921,3,3
0,1,0,0,0,0,-1,-1,3,0,1,3,93.33809512,3,3
0,1,0,0,0,0,-1,-1,3,0,0,4,73.79024326,1,2
0,1,0,0,0,0,-1,-1,3,0,1,3,93.33809512,3,2
0,1,0,0,0,0,-1,-1,3,0,2,2,118.9831921,3,2
0,1,0,0,0,0,-1,-1,3,0,3,1,147.5804865,3,2
0,1,0,0,0,0,-1,-1,3,0,3,1,147.5804865,3,1
0,1,0,0,0,0,-1,-1,3,0,4,0,136.0624856,3,1
0,1,0,0,0,0,-1,-1,3,0,4,0,132,3,1
0,1,0,0,0,0,-1,-1,3,0,4,0,132,3,1
0,1,0,0,0,0,-1,-1,3,0,4,0,132,3,1
0,1,0,0,0,0,-1,-1,3,0,4,0,132,3,1
0,1,0,0,0,0,-1,-1,3,0,4,0,136.0624856,3,3
0,1,0,0,0,0,-1,-1,4,0,3,0,104.3551628,3,3
0,1,0,0,0,0,-1,-1,6,0,1,0,73.79024326,3,3
0,1,0,0,0,0,-1,-1,7,0,0,0,46.66904756,0,3
0,1,0,0,0,0,-1,-1,6,1,0,0,46.66904756,2,3
0,1,0,0,0,0,-1,-1,6,1,0,0,66,0,3
0,1,0,0,0,0,-1,-1,6,1,0,0,192.4214125,2,0
0,1,0,0,0,0,-1,-1,5,2,0,0,177.7104386,2,0
0,1,0,0,0,0,-1,-1,4,3,0,0,168.2676439,2,0
0,1,0,0,0,0,-1,-1,4,3,0,0,165,2,0
0,1,0,0,0,0,-1,-1,4,3,0,0,168.2676439,2,0
0,1,0,0,0,0,-1,-1,4,3,0,0,177.7104386,2,0
0,1,0,0,0,0,-1,-1,4,3,0,0,237.9663842,2,0
0,1,0,0,0,0,-1,-1,4,3,0,0,237.9663842,2,0
0,1,0,0,0,0,-1,-1,4,3,0,0,237.9663842,2,0
0,1,0,0,0,0,-1,-1,4,3,0,0,237.9663842,2,0
0,1,0,0,0,0,-1,-1,4,3,0,0,237.9663842,2,0
0,1,0,0,0,0,-1,-1,4,3,0,0,237.9663842,2,0
0,1,0,0,0,0,-1,-1,4,3,0,0,237.9663842,2,0
0,1,0,0,0,0,-1,-1,4,3,0,0,237.9663842,2,0
0,1,0,0,0,0,-1,-1,4,3,0,0,237.9663842,2,2
0,1,0,0,0,0,-1,-1,6,1,0,0,211.3030998,2,2
0,1,0,0,0,0,-1,-1,6,0,0,1,186.6761902,1,2
0,1,0,0,0,0,-1,-1,6,0,0,1,186.6761902,1,2
0,1,0,0,0,0,-1,-1,6,0,0,1,186.6761902,1,2
0,1,0,0,0,0,-1,-1,6,0,0,1,186.6761902,1,2
0,1,0,0,0,0,-1,-1,6,0,0,1,186.6761902,1,2
0,1,0,0,0,0,-1,-1,6,0,0,1,186.6761902,1,2
0,1,0,0,0,0,-1,-1,6,0,0,1,186.6761902,1,2
0,1,0,0,0,0,-1,-1,6,0,0,1,186.6761902,1,2
0,1,0,0,0,0,-1,-1,6,0,0,1,186.6761902,1,2
0,1,0,0,0,0,-1,-1,6,0,0,1,186.6761902,1,2
0,1,0,0,0,0,-1,-1,6,0,0,1,186.6761902,1,2
0,1,0,0,0,0,-1,-1,6,0,0,1,186.6761902,1,2
0,1,0,0,0,0,-1,-1,6,0,0,1,186.6761902,1,2
0,1,0,0,0,0,-1,-1,6,0,0,1,186.6761902,1,2
0,1,0,0,0,0,-1,-1,6,0,0,1,186.6761902,1,2
0,1,0,0,0,0,-1,-1,6,0,0,1,186.6761902,1,0
0,1,0,0,0,0,-1,-1,6,0,0,1,211.3030998,1,0
0,1,0,0,0,0,-1,-1,4,2,0,1,237.9663842,1,0
0,1,0,0,0,0,-1,-1,3,3,0,1,257.7382393,2,0
0,1,0,0,0,0,-1,-1,3,3,0,1,257.7382393,2,0
0,1,0,0,0,0,-1,-1,3,3,0,1,257.7382393,2,0
0,1,0,0,0,0,-1,-1,3,3,0,1,257.7382393,2,0
0,1,0,0,0,0,-1,-1,3,3,0,1,257.7382393,2,2
0,1,0,0,0,0,-1,-1,4,2,0,1,233.3452378,2,2
0,1,0,0,0,0,-1,-1,6,0,0,1,211.3030998,0,2
0,1,0,0,0,0,-1,-1,6,0,0,1,192.4214125,0,2
0,1,0,0,0,0,-1,-1,6,0,0,1,177.7104386,0,2
0,1,0,0,0,0,-1,-1,6,0,0,1,168.2676439,0,2
0,1,0,0,0,0,-1,-1,6,0,0,1,165,0,2
0,1,0,0,0,0,-1,-1,6,0,0,1,168.2676439,0,2
0,1,0,0,0,0,-1,-1,6,0,0,1,240.2436263,1,3
0,1,0,0,0,0,-1,-1,6,0,0,1,233.3452378,1,3
0,1,0,0,0,0,-1,-1,6,0,0,1,231,1,0
0,1,0,0,0,0,-1,-1,6,0,0,1,264,1,0
0,1,0,0,0,0,-1,-1,6,0,0,1,297,1,0
0,1,0,0,0,0,-1,-1,6,0,0,1,330,1,0
0,1,0,0,0,0,-1,-1,6,0,0,1,330,1,2
0,1,0,0,0,0,-1,-1,6,0,0,1,331.6458955,1,2
0,1,0,0,0,0,-1,-1,6,0,0,1,331.6458955,1,0
0,1,0,0,0,0,-1,-1,6,0,0,1,331.6458955,0,0
0,1,0,0,0,0,-1,-1,6,0,0,1,298.8277096,0,0
0,1,0,0,0,0,-1,-1,6,0,0,1,266.0545057,0,0
0,1,0,0,0,0,-1,-1,6,0,0,1,266.0545057,0,0
0,1,0,0,0,0,-1,-1,6,0,0,1,266.0545057,0,0
0,1,0,0,0,0,-1,-1,6,0,0,1,272.1249713,0,0
0,1,0,0,0,0,-1,-1,6,0,0,1,272.1249713,0,0
0,1,0,0,0,0,-1,-1,6,0,0,1,272.1249713,0,3
0,1,0,0,0,0,-1,-1,6,0,0,1,266.0545057,0,3
0,1,0,0,0,0,-1,-1,6,0,0,1,266.0545057,0,3
0,1,0,0,0,0,-1,-1,6,0,0,1,264,0,3
0,1,0,0,0,0,-1,-1,6,0,0,1,264,0,0
0,1,0,0,0,0,-1,-1,6,0,0,1,231,0,0
0,1,0,0,0,0,-1,-1,6,0,0,1,198,0,0
0,1,0,0,0,0,-1,-1,6,0,0,1,165,0,0
0,1,0,0,0,0,-1,-1,5,0,1,1,132,0,0
0,1,0,0,0,0,-1,-1,5,0,1,1,99,0,0
0,1,0,0,0,0,-1,-1,5,0,1,1,66,0,0
0,1,0,0,0,0,-1,-1,3,1,2,1,33,0,0
0,1,0,0,0,0,-1,-1,0,1,4,2,33,3,0
0,1,0,0,0,0,-1,-1,0,1,4,2,33,2,0
0,1,0,0,0,0,-1,-1,0,1,4,2,33,2,0
0,1,0,0,0,0,-1,-1,0,1,3,3,33,2,0
0,1,0,0,0,0,-1,-1,0,1,4,2,33,2,0
0,1,0,0,0,0,-1,-1,0,1,3,3,33,2,0
0,1,0,0,0,0,-1,-1,0,1,4,2,33,2,0
0,1,0,0,0,0,-1,-1,0,1,3,3,33,2,0
0,1,0,0,0,0,-1,-1,0,0,2,5,73.79024326,1,3
0,1,0,0,0,0,-1,-1,0,0,2,5,118.9831921,1,3
0,1,0,0,0,0,-1,-1,0,1,1,5,140.0071427,3,3
0,1,0,0,0,0,-1,-1,0,1,1,5,140.0071427,3,3
0,1,0,0,0,0,-1,-1,0,0,0,7,211.3030998,1,2
0,1,0,0,0,0,-1,-1,0,0,0,7,192.4214125,1,2
0,1,0,0,0,0,-1,-1,0,0,0,7,177.7104386,1,2
0,1,0,0,0,0,-1,-1,0,0,0,7,168.2676439,1,2
0,1,0,0,0,0,-1,-1,0,0,0,7,168.2676439,1,2
0,1,0,0,0,0,-1,-1,0,0,0,7,168.2676439,1,1
0,1,0,0,0,0,-1,-1,0,0,1,6,136.0624856,1,1
0,1,0,0,0,0,-1,-1,0,0,3,4,104.3551628,1,1
0,1,0,0,0,0,-1,-1,0,0,4,3,73.79024326,1,1
0,1,0,0,0,0,-1,-1,0,0,4,3,46.66904756,1,1
0,1,0,0,0,0,-1,-1,0,0,4,3,46.66904756,1,2
0,1,0,0,0,0,-1,-1,0,0,4,3,66,1,2
0,1,0,0,0,0,-1,-1,0,0,4,3,118.9831921,1,1
0,1,0,0,0,0,-1,-1,0,0,5,2,93.33809512,3,1
0,1,0,0,0,0,-1,-1,0,0,6,1,73.79024326,3,1
0,1,0,0,0,0,-1,-1,0,0,6,1,66,3,1
0,1,0,0,0,0,-1,-1,0,0,6,1,73.79024326,3,1
0,1,0,0,0,0,-1,-1,0,0,6,1,93.33809512,3,1
0,1,0,0,0,0,-1,-1,0,0,6,1,93.33809512,3,1
0,1,0,0,0,0,-1,-1,0,0,6,1,93.33809512,3,3
0,1,0,0,0,0,-1,-1,1,0,4,2,73.79024326,1,3
0,1,0,0,0,0,-1,-1,1,0,4,2,66,1,3
0,1,0,0,0,0,-1,-1,0,0,5,2,66,1,3
0,1,0,0,0,0,-1,-1,0,0,5,2,66,1,3
0,1,0,0,0,0,-1,-1,0,0,5,2,147.5804865,1,0
0,1,0,0,0,0,-1,-1,0,0,5,2,177.7104386,1,0
0,1,0,0,0,0,-1,-1,0,0,5,2,177.7104386,3,1
0,1,0,0,0,0,-1,-1,0,0,5,2,177.7104386,1,1
0,1,0,0,0,0,-1,-1,0,0,5,2,147.5804865,1,0
0,1,0,0,0,0,-1,-1,0,0,5,2,177.7104386,1,0
0,1,0,0,0,0,-1,-1,0,0,5,2,177.7104386,3,0
0,1,0,0,0,0,-1,-1,0,0,4,3,168.2676439,3,0
0,1,0,0,0,0,-1,-1,0,0,2,5,168.2676439,3,0
0,1,0,0,0,0,-1,-1,0,0,1,6,177.7104386,3,0
0,1,0,0,0,0,-1,-1,0,0,1,6,192.4214125,3,0
0,1,0,0,0,0,-1,-1,0,0,1,6,211.3030998,3,0
0,1,0,0,0,0,-1,-1,0,0,1,6,280.0142853,3,3
0,1,0,0,0,0,-1,-1,0,0,0,7,283.8767338,1,3
0,1,0,0,0,0,-1,-1,0,0,0,7,295.160973,1,3
0,1,0,0,0,0,-1,-1,0,0,0,7,295.160973,1,3
0,1,0,0,0,0,-1,-1,0,0,0,7,295.160973,1,3
0,1,0,0,0,0,-1,-1,0,0,0,7,295.160973,1,3
0,1,0,0,0,0,-1,-1,0,0,0,7,295.160973,1,3
0,1,0,0,0,0,-1,-1,0,0,0,7,295.160973,1,3
0,1,0,0,0,0,-1,-1,0,0,0,7,295.160973,1,1
0,1,0,0,0,0,-1,-1,0,0,0,7,266.0545057,1,1
0,1,0,0,0,0,-1,-1,0,0,0,7,237.9663842,1,1
0,1,0,0,0,0,-1,-1,0,0,0,7,211.3030998,1,1
0,1,0,0,0,0,-1,-1,0,0,2,5,186.6761902,3,1
0,1,0,0,0,0,-1,-1,0,0,4,3,165,3,1
0,1,0,0,0,0,-1,-1,0,0,5,2,147.5804865,3,1
0,1,0,0,0,0,-1,-1,0,1,5,1,136.0624856,3,3
0,1,0,0,0,0,-1,-1,0,1,5,1,104.3551628,3,3
0,1,0,0,0,0,-1,-1,0,1,4,2,73.79024326,3,3
0,1,0,0,0,0,-1,-1,0,1,2,4,46.66904756,3,1
0,1,0,0,0,0,-1,-1,1,1,3,2,33,3,1
0,1,0,0,0,0,-1,-1,2,1,3,1,33,3,1
0,1,0,0,0,0,-1,-1,4,1,1,1,33,3,1
0,1,0,0,0,0,-1,-1,5,1,0,1,73.79024326,0,1
0,1,0,0,0,0,-1,-1,5,1,0,1,104.3551628,0,1
0,1,0,0,0,0,-1,-1,5,1,0,1,136.0624856,0,1
0,1,0,0,0,0,-1,-1,5,1,0,1,168.2676439,0,1
0,1,0,0,0,0,-1,-1,5,1,0,1,200.7311635,0,1
0,1,0,0,0,0,-1,-1,5,1,0,1,200.7311635,0,1
0,1,0,0,0,0,-1,-1,5,1,0,1,200.7311635,0,1
0,1,0,0,0,0,-1,-1,5,1,0,1,200.7311635,0,1
0,1,0,0,0,0,-1,-1,5,1,0,1,233.3452378,0,1
0,1,0,0,0,0,-1,-1,5,1,0,1,233.3452378,0,1
0,1,0,0,0,0,-1,-1,5,1,0,1,233.3452378,0,1
0,1,0,0,0,0,-1,-1,5,1,0,1,257.7382393,1,0
0,1,0,0,0,0,-1,-1,5,1,0,1,233.3452378,0,0
0,1,0,0,0,0,-1,-1,5,1,0,1,200.7311635,0,0
0,1,0,0,0,0,-1,-1,5,1,0,1,168.2676439,0,0
0,1,0,0,0,0,-1,-1,5,1,0,1,136.0624856,0,0
0,1,0,0,0,0,-1,-1,5,1,0,1,104.3551628,0,0
0,1,0,0,0,0,-1,-1,5,1,0,1,73.79024326,0,0
0,1,0,0,0,0,-1,-1,5,1,0,1,46.66904756,0,0
0,1,0,0,0,0,-1,-1,4,1,1,1,46.66904756,0,0
0,1,0,0,0,0,-1,-1,1,1,3,2,33,3,0
0,1,0,0,0,0,-1,-1,0,1,2,4,33,3,3
0,1,0,0,0,0,-1,-1,0,1,0,5,33,1,3
0,1,0,0,0,0,-1,-1,0,1,0,5,66,1,3
0,1,0,0,0,0,-1,-1,0,2,0,4,99,1,3
0,1,0,0,0,0,-1,-1,0,2,0,4,118.9831921,2,3
0,1,0,0,0,0,-1,-1,0,2,0,4,118.9831921,2,3
0,1,0,0,0,0,-1,-1,0,2,0,4,140.0071427,1,3
0,1,0,0,0,0,-1,-1,0,2,0,4,147.5804865,2,3
0,1,0,0,0,0,-1,-1,0,2,0,4,147.5804865,2,3
0,1,0,0,0,0,-1,-1,0,2,0,4,147.5804865,2,3
0,1,0,0,0,0,-1,-1,0,2,0,4,147.5804865,2,3
0,1,0,0,0,0,-1,-1,0,2,0,4,147.5804865,2,1
0,1,0,0,0,0,-1,-1,0,2,0,4,136.0624856,2,1
0,1,0,0,0,0,-1,-1,0,2,0,4,132,2,1
0,1,0,0,0,0,-1,-1,0,3,0,3,147.5804865,2,1
0,1,0,0,0,0,-1,-1,0,3,0,3,165,2,1
0,1,0,0,0,0,-1,-1,1,2,0,3,208.7103256,1,1
0,1,0,0,0,0,-1,-1,1,1,0,4,208.7103256,1,0
0,1,0,0,0,0,-1,-1,1,1,0,4,240.2436263,1,0
0,1,0,0,0,0,-1,-1,1,1,0,4,264,2,0
0,1,0,0,0,0,-1,-1,0,2,0,4,281.9521236,2,1
0,1,0,0,0,0,-1,-1,1,1,0,4,272.1249713,1,1
0,1,0,0,0,0,-1,-1,1,1,0,4,240.2436263,1,1
0,1,0,0,0,0,-1,-1,1,1,0,4,208.7103256,1,1
0,1,0,0,0,0,-1,-1,1,1,0,4,208.7103256,1,1
0,1,0,0,0,0,-1,-1,1,1,0,4,208.7103256,1,2
0,1,0,0,0,0,-1,-1,1,1,0,4,200.7311635,1,2
0,1,0,0,0,0,-1,-1,1,1,0,4,200.7311635,1,0
0,1,0,0,0,0,-1,-1,1,1,0,4,233.3452378,1,0
0,1,0,0,0,0,-1,-1,1,1,0,4,231,2,0
0,1,0,0,0,0,-1,-1,1,1,0,4,251.3205125,2,2
0,1,0,0,0,0,-1,-1,1,1,0,4,221.3707298,2,2
0,1,0,0,0,0,-1,-1,1,1,0,4,192.4214125,2,2
0,1,0,0,0,0,-1,-1,1,1,0,4,165,2,0
0,1,0,0,0,0,-1,-1,1,0,0,5,186.6761902,1,0
0,1,0,0,0,0,-1,-1,1,0,0,5,192.4214125,0,0
0,1,0,0,0,0,-1,-1,1,0,0,5,165,0,0
0,1,0,0,0,0,-1,-1,0,1,0,5,140.0071427,2,0
0,1,0,0,0,0,-1,-1,0,1,0,5,118.9831921,2,0
0,1,0,0,0,0,-1,-1,0,1,0,5,104.3551628,2,0
0,1,0,0,0,0,-1,-1,0,1,0,5,99,2,0
0,1,0,0,0,0,-1,-1,0,1,0,5,104.3551628,2,0
0,1,0,0,0,0,-1,-1,0,1,0,5,118.9831921,2,0
0,1,0,0,0,0,-1,-1,0,0,0,6,237.9663842,1,2
0,1,0,0,0,0,-1,-1,0,0,0,6,221.3707298,1,2
0,1,0,0,0,0,-1,-1,0,0,0,6,208.7103256,1,2
0,1,0,0,0,0,-1,-1,0,0,0,6,200.7311635,1,2
0,1,0,0,0,0,-1,-1,0,0,0,6,198,1,2
0,1,0,0,0,0,-1,-1,0,0,0,6,200.7311635,1,1
0,1,0,0,0,0,-1,-1,0,0,0,6,168.2676439,1,1
0,1,0,0,0,0,-1,-1,0,0,0,6,136.0624856,1,1
0,1,0,0,0,0,-1,-1,0,0,0,6,104.3551628,1,1
0,1,0,0,0,0,-1,-1,0,0,0,6,73.79024326,1,1
0,1,0,0,0,0,-1,-1,0,0,0,6,73.79024326,1,1
0,1,0,0,0,0,-1,-1,0,0,0,6,73.79024326,1,1
0,1,0,0,0,0,-1,-1,0,0,0,6,73.79024326,1,3
0,1,0,0,0,0,-1,-1,0,0,0,6,93.33809512,1,3
0,1,0,0,0,0,-1,-1,0,0,0,6,93.33809512,1,2
0,1,0,0,0,0,-1,-1,0,0,0,6,73.79024326,1,2
0,1,0,0,0,0,-1,-1,0,0,0,6,66,1,2
0,1,0,0,0,0,-1,-1,0,0,0,6,73.79024326,1,1
0,1,0,0,0,0,-1,-1,0,0,1,5,46.66904756,3,1
0,1,0,0,0,0,-1,-1,0,0,1,5,33,3,1
0,1,0,0,0,0,-1,-1,1,0,0,5,237.9663842,0,3
0,1,0,0,0,0,-1,-1,1,0,0,5,221.3707298,0,3
0,1,0,0,0,0,-1,-1,1,0,0,5,208.7103256,0,3
0,1,0,0,0,0,-1,-1,1,0,0,5,208.7103256,0,3
0,1,0,0,0,0,-1,-1,1,0,0,5,208.7103256,0,3
0,1,0,0,0,0,-1,-1,1,0,0,5,208.7103256,0,0
0,1,0,0,0,0,-1,-1,1,0,0,5,177.7104386,0,0
0,1,0,0,0,0,-1,-1,1,0,0,5,147.5804865,0,3
0,1,0,0,0,0,-1,-1,1,0,0,5,147.5804865,0,3
0,1,0,0,0,0,-1,-1,1,0,0,5,147.5804865,0,3
0,1,0,0,0,0,-1,-1,1,0,0,5,147.5804865,0,3
0,1,0,0,0,0,-1,-1,1,0,0,5,147.5804865,0,1
0,1,0,0,0,0,-1,-1,1,0,0,5,177.7104386,0,3
0,1,0,0,0,0,-1,-1,1,0,0,5,168.2676439,0,3
0,1,0,0,0,0,-1,-1,1,0,0,5,165,0,3
0,1,0,0,0,0,-1,-1,1,0,0,5,168.2676439,0,3
0,1,0,0,0,0,-1,-1,1,0,0,5,211.3030998,0,2
0,1,0,0,0,0,-1,-1,1,0,0,5,192.4214125,0,2
0,1,0,0,0,0,-1,-1,1,0,0,5,177.7104386,0,2
0,1,0,0,0,0,-1,-1,1,0,0,5,168.2676439,0,3
0,1,0,0,0,0,-1,-1,1,0,0,5,177.7104386,0,3
0,1,0,0,0,0,-1,-1,1,0,0,5,192.4214125,0,1
0,1,0,0,0,0,-1,-1,1,0,0,5,221.3707298,0,1
0,1,0,0,0,0,-1,-1,1,0,0,5,251.3205125,0,1
0,1,0,0,0,0,-1,-1,1,0,0,5,251.3205125,0,1
0,1,0,0,0,0,-1,-1,1,0,0,5,251.3205125,0,1
0,1,0,0,0,0,-1,-1,1,0,0,5,251.3205125,0,1
0,1,0,0,0,0,-1,-1,1,0,0,5,251.3205125,0,3
0,1,0,0,0,0,-1,-1,1,0,0,5,266.0545057,0,3
0,1,0,0,0,0,-1,-1,1,0,0,5,266.0545057,1,3
0,1,0,0,0,0,-1,-1,1,0,0,5,304.2449671,0,1
0,1,0,0,0,0,-1,-1,1,0,0,5,330,0,1
0,1,0,0,0,0,-1,-1,1,0,0,5,331.6458955,1,1
0,1,0,0,0,0,-1,-1,1,0,0,5,298.8277096,1,1
0,1,0,0,0,0,-1,-1,1,0,0,5,266.0545057,1,1
0,1,0,0,0,0,-1,-1,1,0,0,5,233.3452378,1,1
0,1,0,0,0,0,-1,-1,1,0,0,5,200.7311635,1,1
0,1,0,0,0,0,-1,-1,1,0,0,5,168.2676439,1,1
0,1,0,0,0,0,-1,-1,1,1,0,4,136.0624856,1,1
0,1,0,0,0,0,-1,-1,1,1,0,4,136.0624856,1,1
0,1,0,0,0,0,-1,-1,1,1,0,4,136.0624856,1,1
0,1,0,0,0,0,-1,-1,1,1,0,4,136.0624856,1,1
0,1,0,0,0,0,-1,-1,1,1,0,4,136.0624856,1,2
0,1,0,0,0,0,-1,-1,1,0,0,5,147.5804865,1,2
0,1,0,0,0,0,-1,-1,1,0,0,5,165,1,2
0,1,0,0,0,0,-1,-1,1,0,1,4,177.7104386,1,1
0,1,0,0,0,0,-1,-1,1,0,2,3,147.5804865,1,1
0,1,0,0,0,0,-1,-1,1,0,2,3,118.9831921,1,1
0,1,0,0,0,0,-1,-1,1,1,2,2,93.33809512,1,2
0,1,0,0,0,0,-1,-1,1,0,2,3,73.79024326,1,2
0,1,0,0,0,0,-1,-1,1,0,2,3,66,1,2
0,1,0,0,0,0,-1,-1,1,0,2,3,73.79024326,1,1
0,1,0,0,0,0,-1,-1,1,0,4,1,46.66904756,3,1
0,1,0,0,0,0,-1,-1,2,0,4,0,33,3,1
0,1,0,0,0,0,-1,-1,2,0,4,0,33,3,1
0,1,0,0,0,0,-1,-1,2,0,4,0,33,3,1
0,1,0,0,0,0,-1,-1,2,0,4,0,33,3,1
0,1,0,0,0,0,-1,-1,2,0,4,0,33,3,1
0,1,0,0,0,0,-1,-1,3,0,3,0,33,3,1
0,1,0,0,0,0,-1,-1,2,0,4,0,33,3,1
0,1,0,0,0,0,-1,-1,3,0,3,0,118.9831921,0,3
0,1,0,0,0,0,-1,-1,3,0,3,0,104.3551628,0,3
0,1,0,0,0,0,-1,-1,3,0,3,0,118.9831921,0,3
0,1,0,0,0,0,-1,-1,3,0,3,0,147.5804865,0,3
0,1,0,0,0,0,-1,-1,3,0,3,0,200.7311635,3,0
0,1,0,0,0,0,-1,-1,3,0,3,0,198,3,0
0,1,0,0,0,0,-1,-1,3,0,3,0,192.4214125,0,0
0,1,0,0,0,0,-1,-1,3,0,3,0,192.4214125,0,0
0,1,0,0,0,0,-1,-1,3,0,3,0,192.4214125,0,0
0,1,0,0,0,0,-1,-1,3,0,3,0,192.4214125,0,2
0,1,0,0,0,0,-1,-1,3,0,3,0,211.3030998,0,2
0,1,0,0,0,0,-1,-1,3,0,3,0,233.3452378,0,2
0,1,0,0,0,0,-1,-1,3,0,3,0,233.3452378,0,2
0,1,0,0,0,0,-1,-1,3,0,3,0,221.3707298,0,2
0,1,0,0,0,0,-1,-1,3,0,3,0,192.4214125,0,2
0,1,0,0,0,0,-1,-1,3,0,3,0,165,0,2
0,1,0,0,0,0,-1,-1,3,0,3,0,147.5804865,0,2
0,1,0,0,0,0,-1,-1,3,0,3,0,136.0624856,0,2
1,1,0,0,0,0,-1,-1,2,1,0,1,150.119952,2,2
1,1,0,0,0,0,-1,-1,2,1,0,1,147.122398,2,2
1,1,0,0,0,0,-1,-1,2,1,0,1,60,2,4
1,1,0,0,0,0,-1,-1,2,0,0,1,206.041258,0,4
1,1,0,0,0,0,-1,-1,2,0,0,1,205.2315765,0,4
1,1,0,0,0,0,-1,-1,2,0,0,1,204.4627105,0,4
1,1,0,0,0,0,-1,-1,2,0,0,1,203.7351222,0,4
1,1,0,0,0,0,-1,-1,2,0,0,1,201.8043607,0,2
1,1,0,0,0,0,-1,-1,2,0,0,1,198.022726,0,2
1,1,0,0,0,0,-1,-1,2,0,0,1,209.6783251,0,3
1,1,0,0,0,0,-1,-1,2,0,0,1,210.6845984,0,3
1,1,0,0,0,0,-1,-1,2,0,0,1,202.4055335,0,3
1,1,0,0,0,0,-1,-1,2,0,0,1,198.3633031,0,3
1,1,0,0,0,0,-1,-1,2,0,0,1,198.8164983,0,3
1,1,0,0,0,0,-1,-1,2,0,0,1,203.7351222,0,3
1,1,0,0,0,0,-1,-1,2,0,0,1,205.2315765,0,0
1,1,0,0,0,0,-1,-1,2,0,0,1,204.4627105,0,0
1,1,0,0,0,0,-1,-1,2,0,0,1,171.8400419,0,0
1,1,0,0,0,0,-1,-1,2,0,0,1,139.4596716,0,0
1,1,0,0,0,0,-1,-1,2,0,0,1,107.54069,0,0
1,1,0,0,0,0,-1,-1,2,0,0,1,76.66159404,0,0
1,1,0,0,0,0,-1,-1,2,0,0,1,33,0,4
1,1,0,0,0,0,-1,-1,2,0,0,0,396.0113635,1,0
1,1,0,0,0,0,-1,-1,2,0,0,0,429.041956,1,0
1,1,0,0,0,0,-1,-1,2,0,0,0,462.087654,1,0
1,1,0,0,0,0,-1,-1,2,0,0,0,495.1454332,1,0
1,1,0,0,0,0,-1,-1,1,0,0,0,525.5482851,1,1
1,1,0,0,0,0,-1,-1,1,0,0,0,525.4198321,1,1
1,1,0,0,0,0,-1,-1,1,0,0,0,489.4507125,1,1
1,1,0,0,0,0,-1,-1,1,0,0,0,453.4864937,1,1
1,1,0,0,0,0,-1,-1,1,0,0,0,417.5284421,1,1
1,1,0,0,0,0,-1,-1,1,0,0,0,384.4216435,1,1
1,1,0,0,0,0,-1,-1,1,0,0,0,348.4652063,1,1
1,1,0,0,0,0,-1,-1,1,0,0,0,315.3569406,1,1
1,1,0,0,0,0,-1,-1,1,0,0,0,282.2552037,1,1
1,1,0,0,0,0,-1,-1,1,0,0,0,249.1625975,1,1
1,1,0,0,0,0,-1,-1,1,0,0,0,213.1900561,1,1
1,1,0,0,0,0,-1,-1,1,0,0,0,180.0999722,1,1
1,1,0,0,0,0,-1,-1,1,0,0,0,131.2135664,1,3
1,1,0,0,0,0,-1,-1,1,0,0,0,131.7952958,1,3
1,1,0,0,0,0,-1,-1,1,0,0,0,126.1427762,1,3
1,1,0,0,0,0,-1,-1,1,0,0,0,129.034879,1,3
1,1,0,0,0,0,-1,-1,1,0,0,0,98.27003612,1,1
1,1,0,0,0,0,-1,-1,1,0,0,0,97.67292358,1,1
1,1,0,0,0,0,-1,-1,1,0,0,0,30,1,4
0,1,0,0,0,0,-1,-1,0,0,0,0,-1,-1,1
0,1,0,0,0,0,-1,-1,0,0,0,0,-1,-1,1
0,1,0,0,0,0,-1,-1,0,0,0,0,-1,-1,1
0,1,0,0,0,0,-1,-1,0,0,0,0,-1,-1,1
0,1,0,0,0,0,-1,-1,0,0,0,0,-1,-1,1
0,1,0,0,0,0,-1,-1,0,0,0,0,-1,-1,2
0,1,0,0,0,0,-1,-1,0,0,0,0,-1,-1,2
0,1,0,0,0,0,-1,-1,0,0,0,0,-1,-1,1
0,1,0,0,0,0,-1,-1,0,0,0,0,-1,-1,1
0,1,0,0,0,0,-1,-1,0,0,0,0,-1,-1,2
0,1,0,0,0,0,-1,-1,0,0,0,0,-1,-1,2
0,1,0,0,0,0,-1,-1,0,0,0,0,-1,-1,1
0,1,0,0,0,0,-1,-1,0,0,0,0,-1,-1,0
0,1,0,0,0,0,-1,-1,0,0,0,0,-1,-1,0
0,1,0,0,0,0,-1,-1,0,0,0,0,-1,-1,0
0,1,0,0,0,0,-1,-1,0,0,0,0,-1,-1,2
0,1,0,0,0,0,-1,-1,0,0,0,0,-1,-1,2
0,1,0,0,0,0,-1,-1,0,0,0,0,-1,-1,2
0,1,0,0,0,0,-1,-1,0,0,0,0,-1,-1,2
1,1,0,0,0,0,-1,-1,3,0,0,0,272.8002933,3,1
1,1,0,0,0,0,-1,-1,3,0,0,0,272.8002933,3,4
1,1,0,0,0,0,-1,-1,3,0,0,0,305,3,4
1,1,0,0,0,0,-1,-1,3,0,0,0,258.8010819,3,4
1,1,0,0,0,0,-1,-1,3,0,0,0,258.8010819,3,4
1,1,0,0,0,0,-1,-1,3,0,0,0,258.8010819,3,4
1,1,0,0,0,0,-1,-1,2,0,0,1,258.8010819,3,4
1,1,0,0,0,0,-1,-1,2,0,0,1,258.8010819,3,4
1,1,0,0,0,0,-1,-1,2,0,0,1,258.8010819,3,4
1,1,0,0,0,0,-1,-1,3,0,0,0,258.8010819,3,4
1,1,0,0,0,0,-1,-1,3,0,0,0,258.8010819,3,4
1,1,0,0,0,0,-1,-1,3,0,0,0,258.8010819,3,1
1,1,0,0,0,0,-1,-1,3,0,0,0,219.9386278,3,1
1,1,0,0,0,0,-1,-1,3,0,0,0,244,3,1
1,1,0,0,0,0,-1,-1,3,0,0,0,244,3,4
1,1,0,0,0,0,-1,-1,3,0,0,0,244,3,4
1,1,0,0,0,0,-1,-1,3,0,0,0,272.8002933,3,4
1,1,0,0,0,0,-1,-1,3,0,0,0,244,3,4
1,1,0,0,0,0,-1,-1,3,0,0,0,244,3,4
1,1,0,0,0,0,-1,-1,3,0,0,0,251.5094432,3,4
1,1,0,0,0,0,-1,-1,3,0,0,0,219.9386278,3,3
1,1,0,0,0,0,-1,-1,3,0,0,0,219.9386278,3,4
1,1,0,0,0,0,-1,-1,3,0,0,0,219.9386278,3,4
1,1,0,0,0,0,-1,-1,3,0,0,0,272.8002933,3,4
1,1,0,0,0,0,-1,-1,3,0,0,0,251.5094432,3,4
1,1,0,0,0,0,-1,-1,3,0,0,0,251.5094432,3,4
1,1,0,0,0,0,-1,-1,3,0,0,0,251.5094432,3,4
1,1,0,0,0,0,-1,-1,3,0,0,0,244,3,4
1,1,0,0,0,0,-1,-1,3,0,0,0,244,3,4
1,1,0,0,0,0,-1,-1,3,0,0,0,183,3,4
1,1,0,0,0,0,-1,-1,3,0,0,0,183,3,4
1,1,0,0,0,0,-1,-1,3,0,0,0,183,3,4
1,1,0,0,0,0,-1,-1,3,0,0,0,183,3,4
1,1,0,0,0,0,-1,-1,3,0,0,0,183,3,4
1,1,0,0,0,0,-1,-1,2,1,0,0,122,3,4
1,1,0,0,0,0,-1,-1,2,1,0,0,136.4001466,3,4
1,1,0,0,0,0,-1,-1,3,0,0,0,122,3,4
1,1,0,0,0,0,-1,-1,3,0,0,0,122,3,4
1,1,0,0,0,0,-1,-1,1,1,0,0,345.0681092,0,4
1,1,0,0,0,0,-1,-1,1,1,0,0,345.0681092,0,4
1,1,0,0,0,0,-1,-1,1,1,0,0,345.0681092,0,4
1,1,0,0,0,0,-1,-1,2,0,0,0,390.5905785,3,4
1,1,0,0,0,0,-1,-1,2,0,0,0,390.5905785,3,4
1,1,0,0,0,0,-1,-1,1,1,0,0,345.0681092,0,4
1,1,0,0,0,0,-1,-1,1,1,0,0,345.0681092,0,4
1,1,0,0,0,0,-1,-1,1,1,0,0,345.0681092,0,4
1,1,0,0,0,0,-1,-1,1,1,0,0,345.0681092,0,4
1,1,0,0,0,0,-1,-1,1,1,0,0,345.0681092,0,4
1,1,0,0,0,0,-1,-1,2,0,0,0,305,3,3
1,1,0,0,0,0,-1,-1,1,1,0,0,258.8010819,0,3
1,1,0,0,0,0,-1,-1,0,2,0,0,172.5340546,0,3
1,1,0,0,0,0,-1,-1,1,1,0,0,136.4001466,3,4
1,1,0,0,0,0,-1,-1,1,1,0,0,136.4001466,3,4
1,1,0,0,0,0,-1,-1,0,2,0,0,86.2670273,0,4
1,1,0,0,0,0,-1,-1,0,2,0,0,86.2670273,0,4
1,1,0,0,0,0,-1,-1,0,2,0,0,86.2670273,0,4
1,1,0,0,0,0,-1,-1,0,1,0,0,219.9386278,0,4
1,1,0,0,0,0,-1,-1,0,1,0,0,219.9386278,0,4
1,1,0,0,0,0,-1,-1,0,1,0,0,219.9386278,0,4
1,1,0,0,0,0,-1,-1,0,1,0,0,258.8010819,0,4
1,1,0,0,0,0,-1,-1,0,1,0,0,258.8010819,0,4
1,1,0,0,0,0,-1,-1,0,1,0,0,219.9386278,0,4
1,1,0,0,0,0,-1,-1,0,1,0,0,192.8989373,0,4
1,1,0,0,0,0,-1,-1,0,1,0,0,192.8989373,0,4
1,1,0,0,0,0,-1,-1,0,1,0,0,219.9386278,0,3
1,1,0,0,0,0,-1,-1,0,1,0,0,192.8989373,0,3
1,1,0,0,0,0,-1,-1,0,1,0,0,244,0,4
1,1,0,0,0,0,-1,-1,0,1,0,0,244,0,4
1,1,0,0,0,0,-1,-1,0,1,0,0,251.5094432,0,0
1,1,0,0,0,0,-1,-1,0,1,0,0,251.5094432,0,0
1,1,0,0,0,0,-1,-1,0,1,0,0,192.8989373,0,4
1,1,0,0,0,0,-1,-1,0,1,0,0,192.8989373,0,4
1,1,0,0,0,0,-1,-1,0,1,0,0,192.8989373,0,4
1,1,0,0,0,0,-1,-1,0,1,0,0,183,0,4
1,1,0,0,0,0,-1,-1,0,1,0,0,192.8989373,0,4
1,1,0,0,0,0,-1,-1,0,1,0,0,192.8989373,0,4
1,1,0,0,0,0,-1,-1,0,1,0,0,192.8989373,0,4
1,1,0,0,0,0,-1,-1,0,1,0,0,183,0,4
1,1,0,0,0,0,-1,-1,0,1,0,0,183,0,4
1,1,0,0,0,0,-1,-1,0,1,0,0,192.8989373,0,4
1,1,0,0,0,0,-1,-1,0,1,0,0,192.8989373,0,4
1,1,0,0,0,0,-1,-1,0,1,0,0,136.4001466,0,4
1,1,0,0,0,0,-1,-1,0,0,1,0,86.2670273,2,4
1,1,0,0,0,0,-1,-1,0,0,0,0,-1,-1,4
1,1,0,0,0,0,-1,-1,0,0,0,0,-1,-1,4
1,1,0,0,0,0,-1,-1,0,0,0,0,-1,-1,4
1,1,0,0,0,0,-1,-1,0,0,0,0,-1,-1,4
1,1,0,0,0,0,-1,-1,0,0,0,0,-1,-1,4
1,1,0,0,0,0,-1,-1,0,0,0,0,-1,-1,4
1,1,0,0,0,0,-1,-1,0,0,0,0,-1,-1,1
1,1,0,0,0,0,-1,-1,0,0,0,0,-1,-1,1
1,1,0,0,0,0,-1,-1,0,0,0,0,-1,-1,1
1,1,0,0,0,0,-1,-1,0,0,0,0,-1,-1,1
1,1,0,0,0,0,-1,-1,0,0,0,0,-1,-1,1
1,1,0,0,0,0,-1,-1,0,0,0,0,-1,-1,1
1,1,0,0,0,0,-1,-1,0,0,0,0,-1,-1,0
1,1,0,0,0,0,-1,-1,0,0,0,0,-1,-1,0
1,1,0,0,0,0,-1,-1,0,0,0,0,-1,-1,0
1,1,0,0,0,0,-1,-1,0,0,0,0,-1,-1,2
1,1,0,0,0,0,-1,-1,0,0,0,0,-1,-1,2
1,1,0,0,0,0,-1,-1,0,0,0,0,-1,-1,2
1,1,0,0,0,0,-1,-1,0,0,0,0,-1,-1,2
1,1,0,0,0,0,-1,-1,0,0,0,0,-1,-1,2
1,1,0,0,0,0,-1,-1,0,0,0,0,-1,-1,1
1,1,0,0,0,0,-1,-1,0,0,0,0,-1,-1,1
1,1,0,0,0,0,-1,-1,0,0,0,0,-1,-1,1
1,1,0,0,0,0,-1,-1,0,0,0,0,-1,-1,1
1,1,0,0,0,0,-1,-1,0,0,0,0,-1,-1,3
1,1,0,0,0,0,-1,-1,0,0,0,0,-1,-1,3
1,1,0,0,0,0,-1,-1,0,0,0,0,-1,-1,0
1,1,0,0,0,0,-1,-1,0,0,0,0,-1,-1,0
1,1,0,0,0,0,-1,-1,0,0,0,0,-1,-1,0
1,1,0,0,0,0,-1,-1,0,0,0,0,-1,-1,2
1,1,0,0,0,0,-1,-1,0,0,0,0,-1,-1,2
1,1,0,0,0,0,-1,-1,0,0,0,0,-1,-1,2
1,1,0,0,0,0,-1,-1,0,0,0,0,-1,-1,0
1,1,0,0,0,0,-1,-1,0,0,0,0,-1,-1,0
1,1,0,0,0,0,-1,-1,0,0,0,0,-1,-1,0
1,1,0,0,0,0,-1,-1,0,0,0,0,-1,-1,0
1,1,0,0,0,0,-1,-1,0,0,0,0,-1,-1,3
1,1,0,0,0,0,-1,-1,0,0,0,0,-1,-1,3
1,1,0,0,0,0,-1,-1,0,0,0,0,-1,-1,3
1,1,0,0,0,0,-1,-1,0,0,0,0,-1,-1,3
1,1,0,0,0,0,-1,-1,0,0,0,0,-1,-1,3
1,1,0,0,0,0,-1,-1,0,0,0,0,-1,-1,3
1,1,0,0,0,0,-1,-1,0,0,0,0,-1,-1,3
1,1,0,0,0,0,-1,-1,0,0,0,0,-1,-1,3
1,1,0,0,0,0,-1,-1,0,0,0,0,-1,-1,1
1,1,0,0,0,0,-1,-1,0,0,0,0,-1,-1,1
1,1,0,0,0,0,-1,-1,0,0,0,0,-1,-1,1
1,1,0,0,0,0,-1,-1,0,0,0,0,-1,-1,1
1,1,0,0,0,0,-1,-1,0,0,0,0,-1,-1,1
1,1,0,0,0,0,-1,-1,0,0,0,0,-1,-1,1
1,1,0,0,0,0,-1,-1,0,0,0,0,-1,-1,1
1,1,0,0,0,0,-1,-1,0,0,0,0,-1,-1,1
1,1,0,0,0,0,-1,-1,0,0,0,0,-1,-1,1
1,1,0,0,0,0,-1,-1,0,0,0,0,-1,-1,2
1,1,0,0,0,0,-1,-1,0,0,0,0,-1,-1,2
1,1,0,0,0,0,-1,-1,0,0,0,0,-1,-1,2
0,1,0,11,0,3,42,3,0,1,0,4,151.4331536,3,4
0,1,0,11,0,3,42,3,0,4,0,5,140.8722826,3,4
0,1,0,12,0,4,42,3,0,2,0,3,132.8156617,3,3
0,1,0,13,0,2,84,1,0,2,0,4,93.91485505,3,3
0,1,0,13,0,2,84,1,0,2,0,4,93.91485505,3,3
0,1,0,13,0,2,84,1,0,2,0,4,93.91485505,3,1
0,1,0,12,0,3,42,1,0,2,0,4,93.91485505,3,1
0,1,0,10,0,4,59.39696962,1,0,2,0,4,84,3,1
0,1,1,8,1,4,42,2,1,2,0,3,118.7939392,0,4
0,1,1,8,1,4,42,2,0,3,0,5,151.4331536,3,2
0,1,0,8,0,5,151.4331536,3,0,3,0,5,187.8297101,3,2
0,1,0,8,0,5,151.4331536,3,0,3,0,5,210,3,2
0,1,0,8,0,5,151.4331536,3,0,3,0,6,210,3,2
0,1,0,8,0,5,151.4331536,3,0,3,0,6,210,3,4
0,1,0,8,0,5,151.4331536,3,0,3,0,8,132.8156617,3,3
0,1,1,8,0,4,118.7939392,0,0,4,0,7,93.91485505,3,3
0,1,1,8,0,4,118.7939392,0,0,4,0,7,93.91485505,3,3
0,1,1,8,0,4,118.7939392,0,1,4,0,6,118.7939392,0,1
0,1,1,8,0,4,151.4331536,1,2,3,0,6,151.4331536,0,1
0,1,1,7,0,5,118.7939392,3,2,3,0,7,187.8297101,0,1
0,1,2,6,0,5,93.91485505,3,2,3,0,8,210,3,3
0,1,2,7,0,4,59.39696962,3,3,3,0,7,151.4331536,3,3
0,1,2,8,0,3,42,1,7,4,0,2,118.7939392,3,3
0,1,2,8,0,3,42,1,7,4,0,2,118.7939392,3,3
0,1,2,8,0,3,42,1,7,4,0,2,151.4331536,3,3
0,1,2,8,0,3,42,1,8,3,0,3,118.7939392,3,1
0,1,2,8,0,3,42,1,8,2,0,3,93.91485505,3,1
0,1,2,7,0,3,187.8297101,1,8,2,0,3,84,3,1
0,1,2,7,0,3,151.4331536,1,8,2,0,3,132.8156617,3,1
0,1,2,6,1,3,118.7939392,1,9,3,0,2,118.7939392,0,0
0,1,2,7,0,3,151.4331536,1,8,3,0,3,93.91485505,3,0
0,1,2,7,0,3,187.8297101,1,8,3,0,3,84,3,0
0,1,2,7,0,3,214.1588196,3,8,4,0,3,84,3,0
0,1,2,7,0,3,187.8297101,0,8,5,0,2,93.91485505,3,0
0,1,2,7,0,3,187.8297101,0,8,5,0,2,93.91485505,3,0
0,1,2,7,0,3,187.8297101,0,8,5,0,2,132.8156617,3,0
0,1,2,7,0,3,187.8297101,0,8,5,0,2,132.8156617,3,0
0,1,2,7,0,3,187.8297101,0,8,5,0,2,132.8156617,3,0
0,1,2,7,0,3,187.8297101,0,8,5,0,2,93.91485505,3,0
0,1,2,7,0,3,187.8297101,0,9,5,0,2,84,0,2
0,1,2,7,0,3,210,0,3,5,0,8,93.91485505,0,2
0,1,2,7,0,3,226.1769219,0,4,5,0,8,118.7939392,0,2
0,1,1,7,0,4,244.8999796,0,4,5,0,8,118.7939392,0,2
0,1,1,7,0,4,244.8999796,0,2,5,0,10,151.4331536,3,1
0,1,2,7,0,3,210,1,4,4,0,9,178.1909089,0,1
0,1,2,7,0,3,168,1,4,4,0,9,168,1,1
0,1,2,7,0,3,126,1,10,4,0,3,126,1,1
0,1,2,7,0,3,84,1,11,7,0,3,210,1,1
0,1,2,6,0,4,42,1,12,7,0,2,168,1,1
0,1,2,5,0,5,42,1,11,1,0,8,126,1,1
0,1,3,3,0,5,42,3,12,2,0,7,42,1,3
0,1,3,4,0,3,42,0,12,2,0,8,59.39696962,1,3
0,1,3,4,0,3,42,0,12,2,0,8,59.39696962,1,3
0,1,3,4,0,3,42,0,12,1,0,9,86.58521814,1,0
0,1,2,4,0,3,126,1,12,7,0,3,127.7380131,1,0
0,1,2,4,0,3,168,1,12,8,0,3,127.7380131,1,1
0,1,2,4,0,3,126,1,12,8,0,3,86.58521814,1,1
0,1,2,4,0,3,84,1,12,2,0,11,118.7939392,3,1
0,1,2,3,0,4,42,1,13,2,0,10,42,1,1
0,1,3,1,1,3,42,2,17,1,0,10,0,1,0
0,1,2,2,0,4,59.39696962,1,16,2,0,10,0,1,0
0,1,2,3,0,3,93.91485505,1,15,2,0,11,42,1,0
0,1,2,3,0,3,132.8156617,1,14,10,0,4,84,1,0
0,1,2,3,0,3,173.1704363,1,13,11,0,5,126,1,0
0,1,2,3,0,3,214.1588196,1,13,11,0,5,168,1,0
0,1,2,3,0,3,255.4760263,1,13,11,0,5,210,3,0
0,1,2,4,0,3,294,3,12,12,0,5,132.8156617,0,0
0,1,2,4,0,3,265.6313235,0,5,14,0,10,93.91485505,0,0
0,1,2,4,0,3,226.1769219,0,4,14,1,10,59.39696962,2,0
0,1,1,4,0,4,187.8297101,0,3,14,1,11,59.39696962,2,0
0,1,1,4,0,4,151.4331536,0,2,14,0,14,42,3,3
0,1,1,4,0,4,132.8156617,0,3,15,0,12,0,1,3
0,1,2,5,0,2,118.7939392,0,3,15,1,11,84,2,3
0,1,2,9,0,1,93.91485505,0,2,8,2,11,59.39696962,2,0
0,1,2,10,0,0,59.39696962,0,2,8,2,11,42,2,0
0,1,0,10,1,1,42,3,0,10,2,11,0,1,0
0,1,0,10,1,1,42,2,0,12,1,12,42,1,2
0,1,0,10,0,1,93.91485505,3,1,10,0,14,42,0,2
0,1,0,10,0,1,93.91485505,3,1,11,0,13,42,0,2
0,1,0,12,0,1,93.91485505,3,1,12,0,14,42,0,3
0,1,0,12,0,1,59.39696962,3,1,13,1,12,59.39696962,0,3
0,1,0,13,0,0,42,1,1,13,3,11,42,0,3
0,1,0,13,0,0,42,1,1,13,3,11,42,0,3
0,1,0,13,0,0,42,1,0,14,4,11,59.39696962,1,1
0,1,0,12,0,0,281.7445652,1,0,11,6,12,84,3,1
0,1,0,12,0,0,244.8999796,1,12,11,4,2,84,2,1
0,1,1,13,0,0,118.7939392,0,14,8,5,2,42,3,3
0,1,1,13,0,0,93.91485505,0,12,8,7,2,42,3,3
0,1,1,13,0,0,84,0,12,10,7,0,0,1,3
0,1,1,13,0,0,93.91485505,0,11,8,10,0,42,2,3
0,1,1,14,0,0,93.91485505,0,13,10,8,0,42,1,1
0,1,1,14,0,0,126,1,13,9,9,0,0,1,1
0,1,1,14,0,0,84,1,17,7,7,0,42,0,1
0,1,1,14,0,0,42,1,20,6,5,0,84,0,1
0,1,1,11,2,0,42,1,21,6,4,0,93.91485505,1,1
0,1,1,6,6,0,42,1,22,6,3,0,59.39696962,1,1
0,1,1,3,8,0,268.931218,1,22,5,4,0,59.39696962,2,1
0,1,1,3,8,0,237.5878785,1,23,3,5,0,93.91485505,1,1
0,1,1,0,11,0,210,2,24,2,5,0,59.39696962,1,1
0,1,2,1,12,0,59.39696962,1,13,1,4,0,132.8156617,1,1
0,1,2,0,13,0,42,2,13,1,4,0,93.91485505,1,1
0,1,2,0,14,0,42,2,14,0,4,0,168,2,2
0,1,2,0,15,0,84,2,14,0,4,0,63,2,4
0,1,2,0,15,0,84,2,16,0,4,0,244.8999796,2,0
0,1,2,0,15,0,93.91485505,2,16,0,4,0,226.1769219,2,0
0,1,2,4,11,0,118.7939392,1,16,0,4,0,173.1704363,0,0
0,1,3,4,12,0,151.4331536,1,13,0,3,0,126,0,3
0,1,3,4,12,0,178.1909089,1,12,0,4,0,132.8156617,0,3
0,1,3,4,12,0,178.1909089,1,13,0,4,0,151.4331536,0,3
0,1,3,4,12,0,178.1909089,1,13,0,4,0,151.4331536,0,3
0,1,3,4,12,0,178.1909089,1,13,0,4,0,151.4331536,0,1
0,1,3,0,16,0,151.4331536,2,13,0,4,0,187.8297101,0,1
0,1,3,0,16,0,132.8156617,2,13,0,4,0,214.1588196,0,1
0,1,3,0,16,0,126,2,15,0,3,0,252,0,0
0,1,3,0,16,0,132.8156617,2,15,0,3,0,210,0,0
0,1,3,0,16,0,151.4331536,2,13,0,5,0,168,0,4
0,1,3,0,16,0,151.4331536,2,13,0,8,0,168,0,4
0,1,3,0,16,0,151.4331536,2,12,0,10,0,126,0,4
0,1,3,0,16,0,151.4331536,2,13,0,10,0,132.8156617,2,4
0,1,3,0,16,0,151.4331536,2,13,0,11,0,93.91485505,0,4
0,1,3,0,18,0,151.4331536,2,12,1,9,0,0,1,2
0,1,3,4,14,0,118.7939392,1,12,1,8,1,42,3,2
0,1,3,4,14,0,93.91485505,1,12,3,7,1,59.39696962,2,2
0,1,4,8,11,0,84,1,14,2,5,2,132.8156617,3,1
0,1,4,5,14,0,42,1,14,2,5,2,93.91485505,1,1
0,1,4,3,15,0,59.39696962,1,17,0,5,0,46.95742753,2,0
0,1,4,3,15,0,93.91485505,1,16,2,3,1,75.71657678,1,0
0,1,4,6,12,0,132.8156617,1,14,2,4,2,113.0884609,1,0
0,1,5,15,4,0,118.7939392,0,15,5,2,2,42,0,0
0,1,4,19,1,1,84,1,14,5,1,1,132.8156617,3,0
0,1,4,20,1,1,84,3,13,4,2,1,84,3,0
0,1,3,20,1,2,93.91485505,3,13,4,2,1,132.8156617,3,0
0,1,2,21,0,3,84,3,13,7,1,2,84,0,3
0,1,3,22,1,1,42,3,11,7,5,0,42,1,3
0,1,3,22,1,0,42,0,10,5,8,0,42,0,3
0,1,3,25,2,0,59.39696962,2,10,5,11,0,93.91485505,1,0
0,1,3,25,2,0,42,2,9,7,10,0,84,0,0
0,1,3,26,1,0,42,0,5,8,12,0,0,1,2
0,1,3,27,0,0,42,1,6,9,9,0,46.95742753,0,1
0,1,3,25,1,0,93.91485505,0,7,7,9,1,59.39696962,3,1
0,1,3,25,1,0,84,1,9,6,8,1,42,3,1
0,1,3,29,1,0,42,1,12,4,6,1,42,3,1
0,1,3,24,4,0,84,1,14,3,5,1,59.39696962,3,1
0,1,3,10,18,1,42,1,16,2,4,0,59.39696962,0,1
0,1,3,4,23,1,42,3,16,2,4,0,46.95742753,1,1
0,1,5,3,23,1,59.39696962,3,15,0,4,0,147,0,3
0,1,5,1,26,0,42,1,14,0,5,0,152.8823077,0,3
0,1,6,1,26,0,42,1,13,1,4,0,42,1,0
0,1,5,4,23,0,84,1,13,1,4,0,84,1,0
0,1,3,4,25,0,59.39696962,2,13,4,6,0,118.7939392,1,1
0,1,5,4,23,0,84,1,14,2,7,0,59.39696962,1,1
0,1,5,1,26,0,42,1,14,1,8,0,42,2,1
0,1,6,0,28,0,132.8156617,2,17,1,8,0,86.58521814,2,2
0,1,6,0,28,0,93.91485505,2,18,1,8,0,46.95742753,2,2
0,1,6,3,25,0,59.39696962,2,18,1,7,0,63,2,2
0,1,7,3,24,0,42,0,20,5,1,2,46.95742753,0,0
0,1,6,7,20,0,132.8156617,1,19,6,1,2,66.40783086,2,0
0,1,6,22,5,0,118.7939392,0,17,7,1,3,75.71657678,1,0
0,1,4,26,1,2,93.91485505,3,17,7,1,3,93.91485505,3,0
0,1,5,27,1,2,84,3,15,8,2,2,93.91485505,3,0
0,1,3,27,1,4,93.91485505,3,15,8,2,2,84,3,0
0,1,3,28,0,4,118.7939392,3,15,9,2,1,84,2,0
0,1,2,30,0,3,126,3,14,9,3,1,84,0,0
0,1,2,30,0,3,132.8156617,3,14,11,4,1,84,0,0
0,1,1,30,0,4,118.7939392,0,12,11,6,1,84,0,0
0,1,0,30,0,5,93.91485505,3,4,13,8,5,42,0,0
0,1,0,32,0,3,84,3,1,16,8,5,0,1,0
0,1,0,32,0,3,93.91485505,3,0,18,7,5,0,1,0
0,1,0,33,0,2,118.7939392,3,0,22,3,5,42,1,0
0,1,0,34,0,2,118.7939392,3,0,19,4,5,0,1,2
0,1,0,33,0,3,151.4331536,3,0,20,1,8,0,1,2
0,1,0,33,0,3,187.8297101,3,0,18,1,10,42,3,2
0,1,0,34,0,3,187.8297101,3,0,18,1,9,0,1,1
0,1,0,32,0,5,173.1704363,3,2,16,1,9,0,1,1
0,1,0,32,0,5,168,3,6,12,1,9,42,0,1
0,1,0,33,0,5,173.1704363,3,10,10,1,8,42,0,3
0,1,0,33,0,5,132.8156617,3,10,9,4,7,42,0,3
0,1,0,33,0,5,93.91485505,3,10,8,7,5,42,2,3
0,1,0,0,0,0,-1,-1,0,0,1,1,216.9239498,3,1
0,1,0,0,0,0,-1,-1,0,0,1,1,206.6494616,3,1
0,1,0,0,0,0,-1,-1,0,0,1,1,190.2629759,3,1
0,1,0,0,0,0,-1,-1,0,0,1,1,200.2498439,3,1
0,1,0,0,0,0,-1,-1,0,0,1,1,172.626765,3,3
0,1,0,0,0,0,-1,-1,0,0,1,1,164.0731544,3,3
0,1,0,0,0,0,-1,-1,0,0,1,1,207.1714266,3,1
0,1,0,0,0,0,-1,-1,0,0,1,1,191.5411183,3,1
0,1,0,0,0,0,-1,-1,0,2,0,0,116.6190379,0,1
0,1,0,0,0,0,-1,-1,0,2,0,0,170.3173508,0,3
0,1,0,0,0,0,-1,-1,0,2,0,0,178.392825,0,3
0,1,0,0,0,0,-1,-1,0,2,0,0,213.5509307,0,1
0,1,0,0,0,0,-1,-1,0,2,0,0,250,0,1
0,1,0,0,0,0,-1,-1,0,2,0,0,271.1162112,0,3
0,1,0,0,0,0,-1,-1,0,2,0,0,294.2923716,0,3
0,1,0,0,0,0,-1,-1,0,2,0,0,310.1612484,0,3
0,1,0,0,0,0,-1,-1,0,2,0,0,359.3883693,0,3
0,1,0,0,0,0,-1,-1,0,2,0,0,382.2145994,0,0
0,1,0,0,0,0,-1,-1,1,1,0,0,359.2547842,2,0
0,1,0,0,0,0,-1,-1,1,1,0,0,325.2199256,2,3
0,1,0,0,0,0,-1,-1,1,1,0,0,367.8369204,2,3
0,1,0,0,0,0,-1,-1,1,1,0,0,337.259544,2,0
0,1,0,0,0,0,-1,-1,1,1,0,0,311.2812233,2,0
0,1,0,0,0,0,-1,-1,1,1,0,0,282.0567319,2,0
0,1,0,0,0,0,-1,-1,1,1,0,0,290.1103238,2,0
0,1,0,0,0,0,-1,-1,1,1,0,0,265.8871941,0,0
0,1,0,0,0,0,-1,-1,2,0,0,0,244.0491754,2,0
0,1,0,0,0,0,-1,-1,2,0,0,0,227.7542535,2,0
0,1,0,0,0,0,-1,-1,2,0,0,0,218.8880993,2,0
0,1,0,0,0,0,-1,-1,2,0,0,0,218.8880993,2,0
0,1,0,0,0,0,-1,-1,2,0,0,0,209.5041766,2,0
0,1,0,0,0,0,-1,-1,2,0,0,0,213.241647,2,0
0,1,0,0,0,0,-1,-1,2,0,0,0,204.0882162,2,0
0,1,0,0,0,0,-1,-1,2,0,0,0,200.1799191,2,0
0,1,0,0,0,0,-1,-1,2,0,0,0,190.9240687,2,0
0,1,0,0,0,0,-1,-1,2,0,0,0,226.4332131,2,2
0,1,0,0,0,0,-1,-1,2,0,0,0,183.6627344,2,0
0,1,0,0,0,0,-1,-1,2,0,0,0,156.7801008,2,0
0,1,0,0,0,0,-1,-1,2,0,0,0,98.67117107,2,3
0,1,0,0,0,0,-1,-1,0,2,0,0,304.9262206,0,1
0,1,0,0,0,0,-1,-1,0,2,0,0,347.6377425,0,1
0,1,0,0,0,0,-1,-1,0,2,0,0,377.6400402,0,1
0,1,0,0,0,0,-1,-1,0,0,0,0,-1,-1,1
0,1,0,0,0,0,-1,-1,0,0,0,0,-1,-1,3
0,1,0,0,0,0,-1,-1,0,0,0,0,-1,-1,3
0,1,0,0,0,0,-1,-1,0,0,0,0,-1,-1,0
0,1,0,0,0,0,-1,-1,0,0,0,0,-1,-1,3
0,1,0,0,0,0,-1,-1,0,0,0,0,-1,-1,1
0,1,0,0,0,0,-1,-1,0,0,0,0,-1,-1,1
0,1,0,0,0,0,-1,-1,0,0,0,0,-1,-1,1
0,1,0,0,0,0,-1,-1,0,0,0,0,-1,-1,1
0,1,0,0,0,0,-1,-1,0,0,0,0,-1,-1,1
0,1,0,0,0,0,-1,-1,0,0,0,0,-1,-1,1
0,1,0,0,0,0,-1,-1,0,0,0,0,-1,-1,1
0,1,0,0,0,0,-1,-1,0,0,0,0,-1,-1,1
0,1,0,0,0,0,-1,-1,0,0,0,0,-1,-1,1
0,1,0,0,0,0,-1,-1,0,0,0,0,-1,-1,1
0,1,0,0,0,0,-1,-1,0,0,0,0,-1,-1,3
0,1,0,0,0,0,-1,-1,0,0,0,0,-1,-1,3
0,1,0,0,0,0,-1,-1,0,0,0,0,-1,-1,1
0,1,0,0,0,0,-1,-1,0,0,0,0,-1,-1,1
0,1,0,0,0,0,-1,-1,0,0,0,0,-1,-1,1
0,1,0,0,0,0,-1,-1,0,0,0,0,-1,-1,1
0,1,0,0,0,0,-1,-1,0,0,0,0,-1,-1,2
0,1,0,0,0,0,-1,-1,0,0,0,0,-1,-1,2
0,1,0,0,0,0,-1,-1,0,0,0,0,-1,-1,2
0,1,0,0,0,0,-1,-1,0,0,0,0,-1,-1,3
0,1,0,0,0,0,-1,-1,0,0,0,0,-1,-1,3
0,1,0,0,0,0,-1,-1,0,0,0,0,-1,-1,3
0,1,0,0,0,0,-1,-1,0,0,0,0,-1,-1,3
0,1,0,0,0,0,-1,-1,0,0,0,0,-1,-1,0
0,1,0,0,0,0,-1,-1,0,0,0,0,-1,-1,0
0,1,0,0,0,0,-1,-1,0,0,0,0,-1,-1,0
0,1,0,0,0,0,-1,-1,0,0,0,0,-1,-1,2
0,1,0,0,0,0,-1,-1,0,0,0,0,-1,-1,2
0,1,0,0,0,0,-1,-1,0,0,0,0,-1,-1,2
0,1,0,0,0,0,-1,-1,0,0,0,0,-1,-1,2
0,1,0,0,0,0,-1,-1,0,0,0,0,-1,-1,2
0,1,0,0,0,0,-1,-1,0,0,0,0,-1,-1,2
0,1,0,0,0,0,-1,-1,0,0,0,0,-1,-1,0
0,1,0,0,0,0,-1,-1,0,0,0,0,-1,-1,3
0,1,0,0,0,0,-1,-1,0,0,0,0,-1,-1,3
0,1,0,0,0,0,-1,-1,0,0,0,0,-1,-1,3
0,1,0,0,0,0,-1,-1,0,0,0,0,-1,-1,3
0,1,0,0,0,0,-1,-1,0,0,0,0,-1,-1,0
0,1,0,0,0,0,-1,-1,0,0,0,0,-1,-1,0
0,1,0,0,0,0,-1,-1,0,0,0,0,-1,-1,3
0,1,0,0,0,0,-1,-1,0,0,0,0,-1,-1,3
0,1,0,0,0,0,-1,-1,0,0,0,0,-1,-1,2
0,1,0,0,0,0,-1,-1,0,0,0,0,-1,-1,2
0,1,0,0,0,0,-1,-1,0,0,0,0,-1,-1,3
0,1,0,0,0,0,-1,-1,0,0,0,0,-1,-1,3
0,1,0,0,0,0,-1,-1,0,0,0,0,-1,-1,2
0,1,0,0,0,0,-1,-1,0,0,0,0,-1,-1,2
0,1,0,0,0,0,-1,-1,0,0,0,0,-1,-1,3
0,1,0,0,0,0,-1,-1,0,0,0,0,-1,-1,1
0,1,0,0,0,0,-1,-1,0,0,0,0,-1,-1,1
0,1,0,0,0,0,-1,-1,0,0,0,0,-1,-1,1
0,1,0,0,0,0,-1,-1,0,0,0,0,-1,-1,1
0,1,0,0,0,0,-1,-1,0,0,0,0,-1,-1,1
0,1,0,0,0,0,-1,-1,0,0,0,0,-1,-1,1
0,1,0,0,0,0,-1,-1,0,0,0,0,-1,-1,1
0,1,0,0,0,0,-1,-1,0,0,0,0,-1,-1,1
0,1,0,0,0,0,-1,-1,0,0,0,0,-1,-1,1
0,1,0,0,0,0,-1,-1,0,0,0,0,-1,-1,1
0,1,0,0,0,0,-1,-1,0,0,0,0,-1,-1,1
0,1,0,0,0,0,-1,-1,0,0,0,0,-1,-1,3
0,1,0,0,0,0,-1,-1,0,0,0,0,-1,-1,3
0,1,0,0,0,0,-1,-1,0,0,0,0,-1,-1,3
0,1,0,0,0,0,-1,-1,0,0,0,0,-1,-1,1
0,1,0,0,0,0,-1,-1,0,0,0,0,-1,-1,1
0,1,0,0,0,0,-1,-1,0,0,0,0,-1,-1,1
0,1,0,0,0,0,-1,-1,0,0,0,0,-1,-1,1
0,1,0,0,0,0,-1,-1,0,0,0,0,-1,-1,2
0,1,0,0,0,0,-1,-1,0,0,0,0,-1,-1,2
0,1,0,0,0,0,-1,-1,0,0,0,0,-1,-1,0
0,1,0,0,0,0,-1,-1,0,0,0,0,-1,-1,0
0,1,0,0,0,0,-1,-1,0,0,0,0,-1,-1,0
0,1,0,0,0,0,-1,-1,0,0,0,0,-1,-1,3
0,1,0,0,0,0,-1,-1,0,0,0,0,-1,-1,3
0,1,0,0,0,0,-1,-1,0,0,0,0,-1,-1,3
0,1,0,0,0,0,-1,-1,0,0,0,0,-1,-1,0
0,1,0,0,0,0,-1,-1,0,0,0,0,-1,-1,0
0,1,0,0,0,0,-1,-1,0,0,0,0,-1,-1,0
0,1,0,0,0,0,-1,-1,0,0,0,0,-1,-1,2
0,1,0,0,0,0,-1,-1,0,0,0,0,-1,-1,2
0,1,0,0,0,0,-1,-1,0,0,0,0,-1,-1,2
0,1,0,0,0,0,-1,-1,0,0,0,0,-1,-1,2
0,1,0,0,0,0,-1,-1,0,0,0,0,-1,-1,2
0,1,0,0,0,0,-1,-1,0,0,0,0,-1,-1,2
0,1,0,0,0,0,-1,-1,0,0,0,0,-1,-1,0
0,1,0,0,0,0,-1,-1,0,0,0,0,-1,-1,0
0,1,0,0,0,0,-1,-1,0,0,0,0,-1,-1,0
0,1,0,0,0,0,-1,-1,0,0,0,0,-1,-1,3
0,1,0,0,0,0,-1,-1,0,0,0,0,-1,-1,1
0,1,0,0,0,0,-1,-1,0,0,0,0,-1,-1,2
0,1,0,0,0,0,-1,-1,0,0,0,0,-1,-1,2
0,1,0,0,0,0,-1,-1,0,0,0,0,-1,-1,1
0,1,0,0,0,0,-1,-1,0,0,0,0,-1,-1,1
0,1,0,0,0,0,-1,-1,0,0,0,0,-1,-1,0
0,1,0,0,0,0,-1,-1,0,0,0,0,-1,-1,0
0,1,0,0,0,0,-1,-1,0,0,0,0,-1,-1,0
0,1,0,0,0,0,-1,-1,0,0,0,0,-1,-1,1
0,1,0,0,0,0,-1,-1,0,0,0,0,-1,-1,1
0,1,0,0,0,0,-1,-1,0,0,0,0,-1,-1,3
0,1,0,0,0,0,-1,-1,0,0,0,0,-1,-1,3
0,1,0,0,0,0,-1,-1,0,0,0,0,-1,-1,3
0,1,0,0,0,0,-1,-1,0,0,0,0,-1,-1,3
0,1,0,0,0,0,-1,-1,0,0,0,0,-1,-1,2
0,1,0,0,0,0,-1,-1,0,0,0,0,-1,-1,2
0,1,0,0,0,0,-1,-1,0,0,0,0,-1,-1,2
0,1,0,0,0,0,-1,-1,0,0,0,0,-1,-1,0
0,1,0,0,0,0,-1,-1,0,0,0,0,-1,-1,0
0,1,0,0,0,0,-1,-1,0,0,0,0,-1,-1,3
0,1,0,0,0,0,-1,-1,0,0,0,0,-1,-1,3
0,1,0,0,0,0,-1,-1,0,0,0,0,-1,-1,3
0,1,0,0,0,0,-1,-1,0,0,0,0,-1,-1,3
0,1,0,0,0,0,-1,-1,0,0,0,0,-1,-1,1
0,1,0,0,0,0,-1,-1,0,0,0,0,-1,-1,1
0,1,0,0,0,0,-1,-1,0,0,0,0,-1,-1,1
0,1,0,0,0,0,-1,-1,0,0,0,0,-1,-1,1
0,1,0,0,0,0,-1,-1,0,0,0,0,-1,-1,1
0,1,0,0,0,0,-1,-1,0,0,0,0,-1,-1,1
0,1,0,0,0,0,-1,-1,0,0,0,0,-1,-1,1
0,1,0,0,0,0,-1,-1,0,0,0,0,-1,-1,1
0,1,0,0,0,0,-1,-1,0,0,0,0,-1,-1,1
0,1,0,0,0,0,-1,-1,0,0,0,0,-1,-1,1
0,1,0,0,0,0,-1,-1,0,0,0,0,-1,-1,1
0,1,0,0,0,0,-1,-1,0,0,0,0,-1,-1,1
0,1,0,0,0,0,-1,-1,0,0,0,0,-1,-1,3
0,1,0,0,0,0,-1,-1,0,0,0,0,-1,-1,3
0,1,0,0,0,0,-1,-1,0,0,0,0,-1,-1,3
0,1,0,0,0,0,-1,-1,0,0,0,0,-1,-1,1
0,1,0,0,0,0,-1,-1,0,0,0,0,-1,-1,1
0,1,0,0,0,0,-1,-1,0,0,0,0,-1,-1,1
0,1,0,0,0,0,-1,-1,0,0,0,0,-1,-1,1
0,1,0,0,0,0,-1,-1,0,0,0,0,-1,-1,1
0,1,0,0,0,0,-1,-1,0,0,0,0,-1,-1,2
0,1,0,0,0,0,-1,-1,0,0,0,0,-1,-1,2
0,1,0,0,0,0,-1,-1,0,0,0,0,-1,-1,2
0,1,0,0,0,0,-1,-1,0,0,0,0,-1,-1,2
0,1,0,0,0,0,-1,-1,0,0,0,0,-1,-1,3
0,1,0,0,0,0,-1,-1,0,0,0,0,-1,-1,3
0,1,0,0,0,0,-1,-1,0,0,0,0,-1,-1,3
0,1,0,0,0,0,-1,-1,0,0,0,0,-1,-1,3
0,1,0,0,0,0,-1,-1,0,0,0,0,-1,-1,0
0,1,0,0,0,0,-1,-1,0,0,0,0,-1,-1,0
0,1,0,0,0,0,-1,-1,0,0,0,0,-1,-1,0
0,1,0,0,0,0,-1,-1,0,0,0,0,-1,-1,0
0,1,0,0,0,0,-1,-1,0,0,0,0,-1,-1,0
0,1,0,0,0,0,-1,-1,0,0,0,0,-1,-1,0
0,1,0,0,0,0,-1,-1,0,0,0,0,-1,-1,0
0,1,0,0,0,0,-1,-1,0,0,0,0,-1,-1,0
0,1,0,0,0,0,-1,-1,0,0,0,0,-1,-1,0
0,1,0,0,0,0,-1,-1,0,0,0,0,-1,-1,0
0,1,0,0,0,0,-1,-1,0,0,0,0,-1,-1,0
0,1,0,0,0,0,-1,-1,0,0,0,0,-1,-1,0
0,1,0,0,0,0,-1,-1,0,0,0,0,-1,-1,0
0,1,0,0,0,0,-1,-1,0,0,0,0,-1,-1,0
0,1,0,0,0,0,-1,-1,0,0,0,0,-1,-1,0
0,1,0,0,0,0,-1,-1,0,0,0,0,-1,-1,2
0,1,0,0,0,0,-1,-1,0,0,0,0,-1,-1,1
0,1,0,0,0,0,-1,-1,0,0,0,0,-1,-1,1
0,1,0,0,0,0,-1,-1,0,0,0,0,-1,-1,1
0,1,0,0,0,0,-1,-1,0,0,0,0,-1,-1,1
0,1,0,0,0,0,-1,-1,0,0,0,0,-1,-1,1
0,1,0,0,0,0,-1,-1,0,0,0,0,-1,-1,1
0,1,0,0,0,0,-1,-1,0,0,0,0,-1,-1,1
0,1,0,0,0,0,-1,-1,0,0,0,0,-1,-1,1
0,1,0,0,0,0,-1,-1,0,0,0,0,-1,-1,1
0,1,0,0,0,0,-1,-1,0,0,0,0,-1,-1,1
0,1,0,0,0,0,-1,-1,0,0,0,0,-1,-1,1
0,1,0,0,0,0,-1,-1,0,0,0,0,-1,-1,1
0,1,0,0,0,0,-1,-1,0,0,0,0,-1,-1,1
0,1,0,0,0,0,-1,-1,0,0,0,0,-1,-1,3
0,1,0,0,0,0,-1,-1,0,0,0,0,-1,-1,3
0,1,0,0,0,0,-1,-1,0,0,0,0,-1,-1,3
0,1,0,0,0,0,-1,-1,0,0,0,0,-1,-1,1
0,1,0,0,0,0,-1,-1,0,0,0,0,-1,-1,1
0,1,0,0,0,0,-1,-1,0,0,0,0,-1,-1,1
0,1,0,0,0,0,-1,-1,0,0,0,0,-1,-1,1
0,1,0,0,0,0,-1,-1,0,0,0,0,-1,-1,1
0,1,0,0,0,0,-1,-1,0,0,0,0,-1,-1,2
1,0,0,0,0,0,-1,-1,1,0,0,0,454.8626166,0,0
1,0,0,0,0,0,-1,-1,1,0,0,0,418.0011962,0,0
1,0,0,0,0,0,-1,-1,1,0,0,0,398.246155,0,4
1,0,0,0,0,0,-1,-1,1,0,0,0,382.8837944,0,4
1,0,0,0,0,0,-1,-1,1,0,0,0,382.8837944,0,4
1,0,0,0,0,0,-1,-1,1,0,0,0,367.9673899,0,4
1,0,0,0,0,0,-1,-1,1,0,0,0,367.9673899,0,4
1,0,0,0,0,0,-1,-1,0,0,0,1,353.5533906,2,4
1,0,0,0,0,0,-1,-1,1,0,0,1,339.705755,2,4
1,0,0,0,0,0,-1,-1,1,0,0,1,339.705755,2,4
1,0,0,0,0,0,-1,-1,1,0,0,1,326.4965543,2,1
1,0,0,0,0,0,-1,-1,1,0,0,1,343.1107693,2,1
1,0,0,0,0,0,-1,-1,1,0,0,1,346.554469,2,4
1,0,0,0,0,0,-1,-1,1,0,0,1,333.0165161,2,4
1,0,0,0,0,0,-1,-1,1,0,0,1,333.0165161,2,4
1,0,0,0,0,0,-1,-1,2,0,0,1,308.058436,2,4
1,0,0,0,0,0,-1,-1,2,0,0,1,308.058436,2,4
1,0,0,0,0,0,-1,-1,2,0,0,1,308.058436,2,4
1,0,0,0,0,0,-1,-1,2,0,0,1,296.8164416,2,4
1,0,0,0,0,0,-1,-1,2,0,0,1,286.5309756,2,4
1,0,0,0,0,0,-1,-1,1,0,0,2,286.5309756,2,4
1,0,0,0,0,0,-1,-1,1,0,0,2,277.3084925,2,4
1,0,0,0,0,0,-1,-1,1,0,0,2,277.3084925,2,4
1,0,0,0,0,0,-1,-1,1,0,0,2,262.488095,2,4
1,0,0,0,0,0,-1,-1,2,0,0,2,262.488095,2,4
1,0,0,0,0,0,-1,-1,2,0,0,2,257.0992026,2,4
1,0,0,0,0,0,-1,-1,2,0,0,2,257.0992026,2,4
1,0,0,0,0,0,-1,-1,2,0,0,2,253.179778,2,4
1,0,0,0,0,0,-1,-1,1,0,0,3,250.7987241,2,4
1,0,0,0,0,0,-1,-1,1,0,0,3,250.7987241,2,4
1,0,0,0,0,0,-1,-1,1,0,0,3,250,2,4
1,0,0,0,0,0,-1,-1,1,0,0,3,250.7987241,2,4
1,0,0,0,0,0,-1,-1,1,0,0,3,250.7987241,2,4
1,0,0,0,0,0,-1,-1,2,0,0,3,253.179778,2,1
1,0,0,0,0,0,-1,-1,2,0,0,3,254.0177159,2,4
1,0,0,0,0,0,-1,-1,2,0,0,3,254.0177159,2,4
1,0,0,0,0,0,-1,-1,1,0,0,4,254.0177159,2,4
1,0,0,0,0,0,-1,-1,1,0,0,4,251.2468905,2,4
1,0,0,0,0,0,-1,-1,1,0,0,4,251.2468905,2,1
1,0,0,0,0,0,-1,-1,1,0,0,4,254.9509757,2,1
1,0,0,0,0,0,-1,-1,2,0,0,3,254.0177159,2,4
1,0,0,0,0,0,-1,-1,2,0,0,3,254.0177159,2,4
1,0,0,0,0,0,-1,-1,3,0,0,3,255.9785147,2,4
1,0,0,0,0,0,-1,-1,2,0,0,4,252.4381112,2,4
1,0,0,0,0,0,-1,-1,2,0,0,4,250.4495957,2,4
1,0,0,0,0,0,-1,-1,2,0,0,4,250.4495957,2,4
1,0,0,0,0,0,-1,-1,2,0,0,4,250.4495957,2,1
1,0,0,0,0,0,-1,-1,2,0,0,4,250.7987241,2,1
1,0,0,0,0,0,-1,-1,2,0,0,4,254.0177159,2,4
1,0,0,0,0,0,-1,-1,2,0,0,4,251.2468905,2,4
1,0,0,0,0,0,-1,-1,2,0,0,4,251.2468905,2,4
1,0,0,0,0,0,-1,-1,2,0,0,4,250.049995,2,4
1,0,0,0,0,0,-1,-1,2,0,0,4,250.049995,2,4
1,0,0,0,0,0,-1,-1,3,0,0,4,250.4495957,2,4
1,0,0,0,0,0,-1,-1,3,0,0,4,250.4495957,2,1
1,0,0,0,0,0,-1,-1,3,0,0,4,250.1999201,2,4
1,0,0,0,0,0,-1,-1,3,0,0,4,250.1999201,2,4
1,0,0,0,0,0,-1,-1,3,0,0,4,251.7935662,2,4
1,0,0,0,0,0,-1,-1,3,0,0,4,254.9509757,2,4
1,0,0,0,0,0,-1,-1,3,0,0,4,254.9509757,2,4
1,0,0,0,0,0,-1,-1,3,0,0,4,254.9509757,2,4
1,0,0,0,0,0,-1,-1,2,0,0,5,251.7935662,2,4
1,0,0,0,0,0,-1,-1,2,0,0,5,251.7935662,2,4
1,0,0,0,0,0,-1,-1,2,0,0,5,251.7935662,2,4
1,0,0,0,0,0,-1,-1,3,0,0,5,250.1999201,2,4
1,0,0,0,0,0,-1,-1,3,0,0,5,250.1999201,2,4
1,0,0,0,0,0,-1,-1,3,0,0,4,265.7066051,2,4
1,0,0,0,0,0,-1,-1,3,0,0,4,265.7066051,2,4
1,0,0,0,0,0,-1,-1,3,0,0,4,258.069758,2,4
1,0,0,0,0,0,-1,-1,3,0,0,4,258.069758,2,4
1,0,0,0,0,0,-1,-1,3,0,0,4,246.9817807,2,4
1,0,0,0,0,0,-1,-1,2,0,0,5,237.0653918,2,4
1,0,0,0,0,0,-1,-1,2,0,0,5,237.0653918,2,4
1,0,0,0,0,0,-1,-1,3,0,0,5,228.4731932,2,4
1,0,0,0,0,0,-1,-1,3,0,0,4,221.3594362,2,4
1,0,0,0,0,0,-1,-1,3,0,0,4,221.3594362,2,4
1,0,0,0,0,0,-1,-1,3,0,0,4,221.3594362,2,4
1,0,0,0,0,0,-1,-1,3,0,0,4,215.8703314,2,4
1,0,0,0,0,0,-1,-1,3,0,0,4,212.1320344,2,4
1,0,0,0,0,0,-1,-1,3,0,0,4,212.1320344,2,4
1,0,0,0,0,0,-1,-1,3,0,0,4,212.1320344,2,4
1,0,0,0,0,0,-1,-1,2,0,0,5,210.2379604,2,4
1,0,0,0,0,0,-1,-1,2,0,0,5,210.2379604,2,4
1,0,0,0,0,0,-1,-1,2,0,0,4,237.0653918,2,4
1,0,0,0,0,0,-1,-1,3,0,0,4,228.4731932,2,4
1,0,0,0,0,0,-1,-1,3,0,0,3,228.4731932,2,4
1,0,0,0,0,0,-1,-1,3,0,0,3,228.4731932,2,0
1,0,0,0,0,0,-1,-1,3,0,0,3,230.4886114,2,0
1,0,0,0,0,0,-1,-1,3,0,0,3,241.8677324,2,4
1,0,0,0,0,0,-1,-1,3,0,0,3,241.8677324,2,4
1,0,0,0,0,0,-1,-1,2,0,0,4,232.594067,2,4
1,0,0,0,0,0,-1,-1,2,0,0,4,232.594067,2,4
1,0,0,0,0,0,-1,-1,2,0,0,4,224.7220505,2,4
1,0,0,0,0,0,-1,-1,2,0,0,4,224.7220505,2,4
1,0,0,0,0,0,-1,-1,2,0,0,4,224.7220505,2,4
1,0,0,0,0,0,-1,-1,2,0,0,4,218.4032967,2,4
1,0,0,0,0,0,-1,-1,2,0,0,3,213.7755833,2,4
1,0,0,0,0,0,-1,-1,3,0,0,3,213.7755833,2,4
1,0,0,0,0,0,-1,-1,3,0,0,3,213.7755833,2,4
1,0,0,0,0,0,-1,-1,3,0,0,3,210.9502311,2,4
1,0,0,0,0,0,-1,-1,3,0,0,3,210,2,4
1,0,0,0,0,0,-1,-1,2,0,0,4,210,2,4
1,0,0,0,0,0,-1,-1,2,0,0,4,210,2,4
1,0,0,0,0,0,-1,-1,2,0,0,4,210.9502311,2,4
1,0,0,0,0,0,-1,-1,2,0,0,4,213.7755833,2,4
1,0,0,0,0,0,-1,-1,2,0,0,4,213.7755833,2,4
1,0,0,0,0,0,-1,-1,2,0,0,3,213.7755833,2,4
1,0,0,0,0,0,-1,-1,3,0,0,3,218.4032967,2,4
1,0,0,0,0,0,-1,-1,3,0,0,3,224.7220505,2,4
1,0,0,0,0,0,-1,-1,3,0,0,3,224.7220505,2,4
1,0,0,0,0,0,-1,-1,3,0,0,3,224.7220505,2,4
1,0,0,0,0,0,-1,-1,2,0,0,4,232.594067,2,4
1,0,0,0,0,0,-1,-1,2,0,0,4,241.8677324,2,4
1,0,0,0,0,0,-1,-1,2,0,0,4,241.8677324,2,4
1,0,0,0,0,0,-1,-1,2,0,0,4,241.8677324,2,4
1,0,0,0,0,0,-1,-1,2,0,0,3,252.3885893,2,4
1,0,0,0,0,0,-1,-1,2,0,0,3,264.0075756,2,4
1,0,0,0,0,0,-1,-1,2,0,0,3,262.488095,2,4
1,0,0,0,0,0,-1,-1,3,0,0,3,257.0992026,2,4
1,0,0,0,0,0,-1,-1,3,0,0,3,257.0992026,2,0
1,0,0,0,0,0,-1,-1,2,0,0,4,250.4495957,2,0
1,0,0,0,0,0,-1,-1,2,0,0,4,250.1999201,2,0
1,0,0,0,0,0,-1,-1,2,0,0,4,254.0177159,2,4
1,0,0,0,0,0,-1,-1,2,0,0,3,254.0177159,2,4
1,0,0,0,0,0,-1,-1,1,0,0,4,254.0177159,2,4
1,0,0,0,0,0,-1,-1,1,0,0,4,251.2468905,2,4
1,0,0,0,0,0,-1,-1,1,0,0,4,250.049995,2,4
1,0,0,0,0,0,-1,-1,1,0,0,4,250.049995,2,4
1,0,0,0,0,0,-1,-1,2,0,0,4,250.049995,2,4
1,0,0,0,0,0,-1,-1,3,0,0,3,250.4495957,2,0
1,0,0,0,0,0,-1,-1,2,0,0,4,257.0992026,2,0
1,0,0,0,0,0,-1,-1,1,0,0,5,250.4495957,2,0
1,0,0,0,0,0,-1,-1,1,0,0,5,251.7935662,2,4
1,0,0,0,0,0,-1,-1,1,0,0,5,251.7935662,2,4
1,0,0,0,0,0,-1,-1,1,0,0,5,254.9509757,2,4
1,0,0,0,0,0,-1,-1,1,0,0,5,254.9509757,2,4
1,0,0,0,0,0,-1,-1,1,0,0,5,251.7935662,2,4
1,0,0,0,0,0,-1,-1,2,0,0,5,251.7935662,2,4
1,0,0,0,0,0,-1,-1,2,0,0,5,251.7935662,2,4
1,0,0,0,0,0,-1,-1,2,0,0,5,250.1999201,2,4
1,0,0,0,0,0,-1,-1,2,0,0,5,250.1999201,2,4
1,0,0,0,0,0,-1,-1,2,0,0,4,265.7066051,2,4
1,0,0,0,0,0,-1,-1,2,0,0,4,265.7066051,2,0
1,0,0,0,0,0,-1,-1,2,0,1,3,258.3118271,2,0
1,0,0,0,0,0,-1,-1,1,0,1,4,250.7987241,2,4
1,0,0,0,0,0,-1,-1,1,0,1,4,250,2,4
1,0,0,0,0,0,-1,-1,1,0,1,4,250,2,4
1,0,0,0,0,0,-1,-1,1,0,1,4,250,2,4
1,0,0,0,0,0,-1,-1,2,0,1,4,250.7987241,2,4
1,0,0,0,0,0,-1,-1,2,0,1,4,253.179778,2,4
1,0,0,0,0,0,-1,-1,2,0,2,3,253.179778,2,4
1,0,0,0,0,0,-1,-1,2,0,2,3,253.179778,2,4
1,0,0,0,0,0,-1,-1,1,0,2,4,253.179778,2,4
1,0,0,0,0,0,-1,-1,1,0,2,4,250.7987241,2,4
1,0,0,0,0,0,-1,-1,1,0,2,3,269.2582404,2,4
1,0,0,0,0,0,-1,-1,1,0,2,3,269.2582404,2,4
1,0,0,0,0,0,-1,-1,1,0,2,3,269.2582404,2,4
1,0,0,0,0,0,-1,-1,1,0,2,3,269.2582404,2,4
1,0,0,0,0,0,-1,-1,2,0,2,3,262.488095,2,4
1,0,0,0,0,0,-1,-1,2,0,2,3,257.0992026,2,4
1,0,0,0,0,0,-1,-1,2,0,2,3,257.0992026,2,4
1,0,0,0,0,0,-1,-1,2,0,2,3,257.0992026,2,4
1,0,0,0,0,0,-1,-1,2,0,2,3,253.179778,2,1
1,0,0,0,0,0,-1,-1,2,0,2,3,258.3118271,2,1
1,0,0,0,0,0,-1,-1,2,0,2,3,259.6150997,2,1
1,0,0,0,0,0,-1,-1,2,0,2,2,279.5084972,2,1
1,0,0,0,0,0,-1,-1,2,0,2,2,269.2582404,2,1
1,0,0,0,0,0,-1,-1,2,0,2,2,261.0076627,2,4
1,0,0,0,0,0,-1,-1,2,0,2,2,267.4415824,2,4
1,0,0,0,0,0,-1,-1,2,0,2,2,267.4415824,2,4
1,0,0,0,0,0,-1,-1,3,0,2,2,275.1817581,2,4
1,0,0,0,0,0,-1,-1,3,0,2,2,275.1817581,2,4
1,0,0,0,0,0,-1,-1,3,0,1,3,284.1214529,2,4
1,0,0,0,0,0,-1,-1,3,0,1,3,284.1214529,2,4
1,0,0,0,0,0,-1,-1,3,0,1,3,273.3587387,2,4
1,0,0,0,0,0,-1,-1,3,0,1,3,261.0076627,2,4
1,0,0,0,0,0,-1,-1,2,0,1,4,261.0076627,2,4
1,0,0,0,0,0,-1,-1,2,0,1,4,261.0076627,2,4
1,0,0,0,0,0,-1,-1,2,0,1,4,239.4263979,2,4
1,0,0,0,0,0,-1,-1,2,0,1,5,236.9071548,2,4
1,0,0,0,0,0,-1,-1,2,0,1,5,236.9071548,2,4
1,0,0,0,0,0,-1,-1,2,0,1,5,230.4886114,2,4
1,0,0,0,0,0,-1,-1,2,0,0,6,223.4390297,2,4
1,0,0,0,0,0,-1,-1,2,0,1,5,211.0094785,2,4
1,0,0,0,0,0,-1,-1,2,0,1,5,211.0094785,2,4
1,0,0,0,0,0,-1,-1,1,0,1,6,190.0657781,2,4
1,0,0,0,0,0,-1,-1,1,0,1,6,190.0657781,2,4
1,0,0,0,0,0,-1,-1,1,0,1,6,182.0027472,2,4
1,0,0,0,0,0,-1,-1,2,0,1,6,175.855054,2,4
1,0,0,0,0,0,-1,-1,2,0,1,6,175.855054,2,4
1,0,0,0,0,0,-1,-1,2,0,1,6,175.855054,2,4
1,0,0,0,0,0,-1,-1,2,0,1,6,171.8284028,2,4
1,0,0,0,0,0,-1,-1,2,0,1,6,170.0735135,2,4
1,0,0,0,0,0,-1,-1,2,0,1,6,170.0735135,2,4
1,0,0,0,0,0,-1,-1,1,0,1,7,170.0735135,2,4
1,0,0,0,0,0,-1,-1,1,0,1,7,170.6604817,2,4
1,0,0,0,0,0,-1,-1,1,0,1,7,173.5655496,2,4
1,0,0,0,0,0,-1,-1,1,0,1,7,173.5655496,2,4
1,0,0,0,0,0,-1,-1,1,0,1,7,173.5655496,2,4
1,0,0,0,0,0,-1,-1,1,0,0,8,178.6756839,2,4
1,0,0,0,0,0,-1,-1,1,0,0,8,185.8090418,2,4
1,0,0,0,0,0,-1,-1,1,0,0,8,185.8090418,2,4
1,0,0,0,0,0,-1,-1,1,0,0,8,185.8090418,2,4
1,0,0,0,0,0,-1,-1,1,0,0,8,194.7434209,2,4
1,0,0,0,0,0,-1,-1,0,0,0,9,205.2437575,2,4
1,0,0,0,0,0,-1,-1,0,0,0,9,205.2437575,2,4
1,0,0,0,0,0,-1,-1,0,0,0,9,205.2437575,2,0
1,0,0,0,0,0,-1,-1,0,0,0,9,218.4032967,2,0
1,0,0,0,0,0,-1,-1,0,0,2,7,217.0829335,2,4
1,0,0,0,0,0,-1,-1,0,0,2,7,217.0829335,2,4
1,0,0,0,0,0,-1,-1,0,0,2,7,217.0829335,2,4
1,0,0,0,0,0,-1,-1,0,0,2,7,222.9910312,2,4
1,0,0,0,0,0,-1,-1,0,0,2,7,230.4886114,2,4
1,0,0,0,0,0,-1,-1,0,0,2,7,230.4886114,2,4
1,0,0,0,0,0,-1,-1,1,0,2,6,230.4886114,2,4
1,0,0,0,0,0,-1,-1,1,0,2,6,226.5502152,2,4
1,0,0,0,0,0,-1,-1,1,0,2,6,226.5502152,2,4
1,0,0,0,0,0,-1,-1,1,0,2,6,219.8294794,2,4
1,0,0,0,0,0,-1,-1,1,0,3,5,219.8294794,2,4
1,0,0,0,0,0,-1,-1,1,0,3,5,219.8294794,2,0
1,0,0,0,0,0,-1,-1,1,0,3,5,221.3594362,2,0
1,0,0,0,0,0,-1,-1,1,0,3,5,230.4886114,2,4
1,0,0,0,0,0,-1,-1,1,0,3,5,230.4886114,2,4
1,0,0,0,0,0,-1,-1,1,0,3,5,222.9910312,2,4
1,0,0,0,0,0,-1,-1,1,0,3,5,222.9910312,2,4
1,0,0,0,0,0,-1,-1,1,0,4,4,217.0829335,2,4
1,0,0,0,0,0,-1,-1,1,0,4,4,217.0829335,2,4
1,0,0,0,0,0,-1,-1,1,0,4,4,212.8966886,2,4
1,0,0,0,0,0,-1,-1,1,0,4,4,212.8966886,2,4
1,0,0,0,0,0,-1,-1,1,0,4,4,210.5350327,2,4
1,0,0,0,0,0,-1,-1,1,0,4,4,210.5350327,2,4
1,0,0,0,0,0,-1,-1,1,0,4,4,210.0595154,2,4
1,0,0,0,0,0,-1,-1,2,0,4,3,211.4828598,2,4
1,0,0,0,0,0,-1,-1,2,0,4,3,211.4828598,2,4
1,0,0,0,0,0,-1,-1,2,0,4,3,211.4828598,2,0
1,0,0,0,0,0,-1,-1,2,0,5,2,210.9502311,2,0
1,0,0,0,0,0,-1,-1,2,0,5,2,210.5350327,2,4
1,0,0,0,0,0,-1,-1,2,0,5,2,210.5350327,2,4
1,0,0,0,0,0,-1,-1,2,0,5,2,210.5350327,2,4
1,0,0,0,0,0,-1,-1,2,0,5,2,212.8966886,2,4
1,0,0,0,0,0,-1,-1,2,0,5,2,217.0829335,2,4
1,0,0,0,0,0,-1,-1,2,0,6,1,217.0829335,2,4
1,0,0,0,0,0,-1,-1,2,0,6,1,217.0829335,2,4
1,0,0,0,0,0,-1,-1,2,0,6,1,222.9910312,2,4
1,0,0,0,0,0,-1,-1,2,0,6,1,230.4886114,2,4
1,0,0,0,0,0,-1,-1,2,0,6,1,230.4886114,2,4
1,0,0,0,0,0,-1,-1,2,0,6,1,230.4886114,2,4
1,0,0,0,0,0,-1,-1,2,0,5,2,239.4263979,2,4
1,0,0,0,0,0,-1,-1,2,0,5,2,239.4263979,2,4
1,0,0,0,0,0,-1,-1,1,0,5,3,230.0543414,2,4
1,0,0,0,0,0,-1,-1,1,0,5,3,230.0543414,2,4
1,0,0,0,0,0,-1,-1,1,0,5,3,217.0829335,2,4
1,0,0,0,0,0,-1,-1,1,0,5,3,194.7434209,2,4
1,0,0,0,0,0,-1,-1,1,0,4,4,178.6756839,2,4
1,0,0,0,0,0,-1,-1,1,0,4,4,178.6756839,2,4
1,0,0,0,0,0,-1,-1,1,0,4,4,173.5655496,2,4
1,0,0,0,0,0,-1,-1,1,0,3,5,170.6604817,2,4
1,0,0,0,0,0,-1,-1,1,0,3,5,167.1077497,2,4
1,0,0,0,0,0,-1,-1,1,0,3,4,167.1077497,2,4
1,0,0,0,0,0,-1,-1,1,0,3,4,167.1077497,2,4
1,0,0,0,0,0,-1,-1,1,0,3,4,155.3222457,2,4
1,0,0,0,0,0,-1,-1,1,0,3,4,145.3444185,2,4
1,0,0,0,0,0,-1,-1,1,0,2,5,145.3444185,2,4
1,0,0,0,0,0,-1,-1,1,0,2,5,137.5681649,2,4
1,0,0,0,0,0,-1,-1,1,0,2,5,132.3820229,2,4
1,0,0,0,0,0,-1,-1,1,0,2,5,132.3820229,2,4
1,0,0,0,0,0,-1,-1,1,0,2,5,130.0961183,2,0
1,0,0,0,0,0,-1,-1,1,0,2,5,133.4166406,2,0
1,0,0,0,0,0,-1,-1,0,0,2,5,173.5655496,2,0
1,0,0,0,0,0,-1,-1,0,0,2,3,208.0865205,2,4
1,0,0,0,0,0,-1,-1,0,0,2,3,197.2308292,2,4
1,0,0,0,0,0,-1,-1,0,0,2,3,197.2308292,2,4
1,0,0,0,0,0,-1,-1,0,0,2,3,197.2308292,2,4
1,0,0,0,0,0,-1,-1,0,0,2,3,180.2775638,2,4
1,0,0,0,0,0,-1,-1,0,0,2,3,180.2775638,2,4
1,0,0,0,0,0,-1,-1,0,0,2,3,180.2775638,2,4
1,0,0,0,0,0,-1,-1,0,0,2,3,174.642492,2,4
1,0,0,0,0,0,-1,-1,0,0,2,3,174.642492,2,4
1,0,0,0,0,0,-1,-1,0,0,2,3,174.642492,2,1
1,0,0,0,0,0,-1,-1,0,0,1,4,175.855054,2,1
1,0,0,0,0,0,-1,-1,0,0,1,4,183.8477631,2,4
1,0,0,0,0,0,-1,-1,0,0,1,4,177.2004515,2,4
1,0,0,0,0,0,-1,-1,0,0,1,4,177.2004515,2,4
1,0,0,0,0,0,-1,-1,0,0,1,4,177.2004515,2,4
1,0,0,0,0,0,-1,-1,0,0,1,4,172.626765,2,4
1,0,0,0,0,0,-1,-1,1,0,1,3,170.2938637,2,4
1,0,0,0,0,0,-1,-1,1,0,0,4,170.2938637,2,4
1,0,0,0,0,0,-1,-1,1,0,0,3,212.1320344,2,4
1,0,0,0,0,0,-1,-1,1,0,0,3,215.8703314,2,4
1,0,0,0,0,0,-1,-1,1,0,0,3,215.8703314,2,4
1,0,0,0,0,0,-1,-1,1,0,0,3,215.8703314,2,4
1,0,0,0,0,0,-1,-1,1,0,0,3,215.8703314,2,4
1,0,0,0,0,0,-1,-1,1,0,0,3,210.2379604,2,4
1,0,0,0,0,0,-1,-1,1,0,0,3,210.2379604,2,4
1,0,0,0,0,0,-1,-1,1,0,0,3,210.2379604,2,4
1,0,0,0,0,0,-1,-1,1,0,0,3,210.2379604,2,4
1,0,0,0,0,0,-1,-1,1,0,0,3,212.1320344,2,4
1,0,0,0,0,0,-1,-1,1,0,0,3,212.1320344,2,4
1,0,0,0,0,0,-1,-1,1,0,0,3,215.8703314,2,4
1,0,0,0,0,0,-1,-1,1,0,0,3,215.8703314,2,4
1,0,0,0,0,0,-1,-1,1,0,0,3,215.8703314,2,4
1,0,0,0,0,0,-1,-1,0,0,0,4,212.1320344,2,4
1,0,0,0,0,0,-1,-1,0,0,0,4,212.1320344,2,4
1,0,0,0,0,0,-1,-1,0,0,0,4,210.2379604,2,4
1,0,0,0,0,0,-1,-1,0,0,0,4,210.2379604,2,4
1,0,0,0,0,0,-1,-1,0,0,0,4,210.2379604,2,4
1,0,0,0,0,0,-1,-1,1,0,0,3,210.2379604,2,0
1,0,0,0,0,0,-1,-1,0,0,0,4,190.0657781,2,0
1,0,0,0,0,0,-1,-1,0,0,0,4,180.2775638,2,0
1,0,0,0,0,0,-1,-1,0,0,0,4,173.5655496,2,0
1,0,0,0,0,0,-1,-1,0,0,0,4,170.2938637,2,4
1,0,0,0,0,0,-1,-1,0,0,0,4,170.2938637,2,4
1,0,0,0,0,0,-1,-1,0,0,0,4,170.2938637,2,4
1,0,0,0,0,0,-1,-1,0,0,0,4,172.626765,2,4
1,0,0,0,0,0,-1,-1,0,0,0,4,177.2004515,2,4
1,0,0,0,0,0,-1,-1,0,0,0,4,177.2004515,2,4
1,0,0,0,0,0,-1,-1,0,0,0,4,177.2004515,2,1
1,0,0,0,0,0,-1,-1,1,0,0,3,175.855054,2,1
1,0,0,0,0,0,-1,-1,1,0,0,3,171.1724277,2,1
1,0,0,0,0,0,-1,-1,1,0,0,3,170.0735135,2,1
1,0,0,0,0,0,-1,-1,2,0,0,2,170.2938637,2,1
1,0,0,0,0,0,-1,-1,2,0,0,2,173.5655496,2,1
1,0,0,0,0,0,-1,-1,2,0,0,2,180.2775638,2,1
1,0,0,0,0,0,-1,-1,2,0,0,2,182.0027472,2,1
1,0,0,0,0,0,-1,-1,3,0,0,1,192.3538406,2,1
1,0,0,0,0,0,-1,-1,3,0,0,1,205.2437575,2,1
1,0,0,0,0,0,-1,-1,3,0,0,1,208.0865205,2,4
1,0,0,0,0,0,-1,-1,3,0,0,1,208.0865205,2,4
1,0,0,0,0,0,-1,-1,3,0,0,1,208.0865205,2,4
1,0,0,0,0,0,-1,-1,3,0,0,1,197.2308292,2,4
1,0,0,0,0,0,-1,-1,3,0,0,1,187.8829423,2,4
1,0,0,0,0,0,-1,-1,3,0,0,1,187.8829423,2,4
1,0,0,0,0,0,-1,-1,3,0,0,1,187.8829423,2,4
1,0,0,0,0,0,-1,-1,3,0,0,1,180.2775638,2,4
1,0,0,0,0,0,-1,-1,3,0,0,1,180.2775638,2,4
1,0,0,0,0,0,-1,-1,3,0,0,1,174.642492,2,4
1,0,0,0,0,0,-1,-1,3,0,0,1,174.642492,2,4
1,0,0,0,0,0,-1,-1,3,0,0,1,171.1724277,2,4
1,0,0,0,0,0,-1,-1,3,0,0,1,170,2,4
1,0,0,0,0,0,-1,-1,3,0,0,1,170,2,4
1,0,0,0,0,0,-1,-1,3,0,0,1,171.1724277,2,1
1,0,0,0,0,0,-1,-1,3,0,0,1,170.0735135,2,1
1,0,0,0,0,0,-1,-1,3,0,0,1,170.2938637,2,1
1,0,0,0,0,0,-1,-1,3,0,0,1,170.6604817,2,4
1,0,0,0,0,0,-1,-1,3,0,0,1,170.6604817,2,4
1,0,0,0,0,0,-1,-1,3,0,0,1,170.0735135,2,4
1,0,0,0,0,0,-1,-1,3,0,0,1,170.0735135,2,1
1,0,0,0,0,0,-1,-1,3,0,0,1,171.1724277,2,1
1,0,0,0,0,0,-1,-1,3,0,0,1,171.8284028,2,4
1,0,0,0,0,0,-1,-1,3,0,0,1,170.0735135,2,4
1,0,0,0,0,0,-1,-1,3,0,0,1,170.0735135,2,4
1,0,0,0,0,0,-1,-1,3,0,0,1,170.0735135,2,4
1,0,0,0,0,0,-1,-1,3,0,0,1,170.6604817,2,4
1,0,0,0,0,0,-1,-1,3,0,0,1,173.5655496,2,4
1,0,0,0,0,0,-1,-1,3,0,0,1,173.5655496,2,4
1,0,0,0,0,0,-1,-1,2,0,0,2,178.6756839,2,4
1,0,0,0,0,0,-1,-1,2,0,0,2,178.6756839,2,4
1,0,0,0,0,0,-1,-1,2,0,0,2,185.8090418,2,4
1,0,0,0,0,0,-1,-1,2,0,0,2,185.8090418,2,4
1,0,0,0,0,0,-1,-1,2,0,0,2,185.8090418,2,4
1,0,0,0,0,0,-1,-1,2,0,0,2,194.7434209,2,1
1,0,0,0,0,0,-1,-1,2,0,0,2,183.8477631,2,1
1,0,0,0,0,0,-1,-1,2,0,0,2,175.855054,2,1
1,0,0,0,0,0,-1,-1,3,0,0,1,174.642492,2,1
1,0,0,0,0,0,-1,-1,2,0,0,2,178.6756839,2,1
1,0,0,0,0,0,-1,-1,3,0,0,1,172.626765,2,1
1,0,0,0,0,0,-1,-1,3,0,0,1,171.8284028,2,1
1,0,0,0,0,0,-1,-1,3,0,0,1,171.1724277,2,1
1,0,0,0,0,0,-1,-1,3,0,0,1,170.6604817,2,4
1,0,0,0,0,0,-1,-1,3,0,0,1,130.8625233,2,4
1,0,0,0,0,0,-1,-1,3,0,0,1,130.8625233,2,0
1,0,0,0,0,0,-1,-1,2,0,0,2,136.0147051,2,0
1,0,0,0,0,0,-1,-1,2,0,0,1,194.7434209,2,4
1,0,0,0,0,0,-1,-1,2,0,0,1,194.7434209,2,4
1,0,0,0,0,0,-1,-1,2,0,0,1,194.7434209,2,4
1,0,0,0,0,0,-1,-1,2,0,0,1,185.8090418,2,4
1,0,0,0,0,0,-1,-1,2,0,0,1,178.6756839,2,4
1,0,0,0,0,0,-1,-1,1,0,0,2,178.6756839,2,4
1,0,0,0,0,0,-1,-1,1,0,0,2,178.6756839,2,4
1,0,0,0,0,0,-1,-1,1,0,0,2,173.5655496,2,4
1,0,0,0,0,0,-1,-1,1,0,0,2,173.5655496,2,0
1,0,0,0,0,0,-1,-1,1,0,0,2,170.2938637,2,0
1,0,0,0,0,0,-1,-1,1,0,0,2,173.5655496,2,4
1,0,0,0,0,0,-1,-1,1,0,0,2,173.5655496,2,4
1,0,0,0,0,0,-1,-1,0,0,0,3,173.5655496,2,4
1,0,0,0,0,0,-1,-1,0,0,0,3,178.6756839,2,4
1,0,0,0,0,0,-1,-1,0,0,0,3,175.855054,2,4
1,0,0,0,0,0,-1,-1,0,0,0,3,171.8284028,2,4
1,0,0,0,0,0,-1,-1,0,0,0,3,171.8284028,2,4
1,0,0,0,0,0,-1,-1,0,0,0,3,171.8284028,2,4
1,0,0,0,0,0,-1,-1,0,0,0,3,170.0735135,2,4
1,0,0,0,0,0,-1,-1,0,0,0,3,170.0735135,2,4
1,0,0,0,0,0,-1,-1,0,0,0,3,170.6604817,2,4
1,0,0,0,0,0,-1,-1,0,0,0,3,170.6604817,2,4
1,0,0,0,0,0,-1,-1,0,0,0,3,173.5655496,2,4
1,0,0,0,0,0,-1,-1,0,0,0,3,161.0124219,2,4
1,0,0,0,0,0,-1,-1,0,0,0,3,161.0124219,2,4
1,0,0,0,0,0,-1,-1,0,0,0,3,161.0124219,2,4
1,0,0,0,0,0,-1,-1,0,0,0,3,150.0833102,2,4
1,0,0,0,0,0,-1,-1,0,0,0,3,141.1559421,2,4
1,0,0,0,0,0,-1,-1,0,0,0,3,141.1559421,2,4
1,0,0,0,0,0,-1,-1,0,0,0,3,141.1559421,2,4
1,0,0,0,0,0,-1,-1,0,0,0,3,134.6291202,2,4
1,0,0,0,0,0,-1,-1,0,0,0,3,130.8625233,2,0
1,0,0,0,0,0,-1,-1,0,0,1,1,174.642492,2,0
1,0,0,0,0,0,-1,-1,0,0,1,1,190.0657781,2,0
1,0,0,0,0,0,-1,-1,0,0,1,1,202.4845673,2,4
1,0,0,0,0,0,-1,-1,0,0,1,1,214.0093456,1,4
1,0,0,0,0,0,-1,-1,0,0,1,1,214.0093456,1,4
1,0,0,0,0,0,-1,-1,0,0,1,1,198.4943324,1,4
1,0,0,0,0,0,-1,-1,0,0,1,1,183.8477631,1,4
1,0,0,0,0,0,-1,-1,0,0,2,0,183.8477631,1,4
1,0,0,0,0,0,-1,-1,0,0,2,0,183.8477631,1,4
1,0,0,0,0,0,-1,-1,0,0,1,1,170.2938637,2,4
1,0,0,0,0,0,-1,-1,0,0,1,1,158.113883,2,4
1,0,0,0,0,0,-1,-1,0,0,1,1,158.113883,2,4
1,0,0,0,0,0,-1,-1,0,0,1,1,147.6482306,2,4
1,0,0,0,0,0,-1,-1,0,0,1,1,139.2838828,2,4
1,0,0,0,0,0,-1,-1,0,0,1,1,139.2838828,2,4
1,0,0,0,0,0,-1,-1,0,0,1,1,133.4166406,2,4
1,0,0,0,0,0,-1,-1,0,0,0,2,130.3840481,2,0
1,0,0,0,0,0,-1,-1,0,0,1,0,187.4166481,1,0
1,0,0,0,0,0,-1,-1,0,0,1,0,191.0497317,1,4
1,0,0,0,0,0,-1,-1,0,0,0,1,176.9180601,2,4
1,0,0,0,0,0,-1,-1,0,0,0,1,176.9180601,2,4
1,0,0,0,0,0,-1,-1,0,0,0,1,176.9180601,2,4
1,0,0,0,0,0,-1,-1,0,0,0,1,164.0121947,2,4
1,0,0,0,0,0,-1,-1,0,0,0,1,152.6433752,2,4
1,0,0,0,0,0,-1,-1,0,0,0,1,152.6433752,2,4
1,0,0,0,0,0,-1,-1,0,0,0,1,152.6433752,2,4
1,0,0,0,0,0,-1,-1,0,0,0,1,136.0147051,2,4
1,0,0,0,0,0,-1,-1,0,0,0,1,136.0147051,2,4
1,0,0,0,0,0,-1,-1,0,0,0,1,131.5294644,2,4
1,0,0,0,0,0,-1,-1,0,0,0,1,131.5294644,2,4
1,0,0,0,0,0,-1,-1,0,0,0,1,130,2,0
1,0,0,0,0,0,-1,-1,0,0,0,1,132.3820229,2,0
1,0,0,0,0,0,-1,-1,0,0,0,1,133.4166406,2,0
1,0,0,0,0,0,-1,-1,0,0,0,1,141.1559421,2,0
1,0,0,0,0,0,-1,-1,0,0,0,1,152.6433752,2,0
1,0,0,0,0,0,-1,-1,0,0,0,1,155.3222457,2,0
1,0,0,0,0,0,-1,-1,0,0,0,1,170.2938637,2,0
1,0,0,0,0,0,-1,-1,0,0,0,1,161.0124219,2,4
1,0,0,0,0,0,-1,-1,0,0,0,1,161.0124219,2,4
1,0,0,0,0,0,-1,-1,0,0,0,1,161.0124219,2,4
1,0,0,0,0,0,-1,-1,0,0,0,1,150.0833102,2,4
1,0,0,0,0,0,-1,-1,0,0,0,1,150.0833102,2,4
1,0,0,0,0,0,-1,-1,0,0,0,1,141.1559421,2,4
1,0,0,0,0,0,-1,-1,0,0,0,1,134.6291202,2,4
1,0,0,0,0,0,-1,-1,0,0,0,1,130.8625233,2,4
1,0,0,0,0,0,-1,-1,0,0,0,1,130.8625233,2,4
1,0,0,0,0,0,-1,-1,0,0,0,1,130.0961183,2,0
1,0,0,0,0,0,-1,-1,0,0,0,1,131.5294644,2,0
1,0,0,0,0,0,-1,-1,0,0,0,1,137.5681649,2,0
1,0,0,0,0,0,-1,-1,0,0,0,1,139.2838828,2,0
1,0,0,0,0,0,-1,-1,0,0,0,1,150.0833102,2,0
1,0,0,0,0,0,-1,-1,0,0,0,1,152.6433752,2,4
1,0,0,0,0,0,-1,-1,0,0,0,1,143.1782106,2,4
1,0,0,0,0,0,-1,-1,0,0,0,1,143.1782106,2,4
1,0,0,0,0,0,-1,-1,0,0,0,1,136.0147051,2,4
1,0,0,0,0,0,-1,-1,0,0,0,1,136.0147051,2,4
1,0,0,0,0,0,-1,-1,0,0,0,1,131.5294644,2,4
1,0,0,0,0,0,-1,-1,0,0,0,1,130,2,4
1,1,3,4,14,2,108.1665383,3,0,3,1,0,152.9705854,0,2
1,1,3,4,14,2,108.1665383,3,0,3,1,0,152.9705854,0,2
1,1,2,5,13,3,134.1640786,3,0,3,1,0,150,0,2
1,1,1,6,13,3,134.1640786,0,0,3,1,0,152.9705854,0,2
1,1,0,6,12,5,123.6931688,0,0,3,1,0,161.5549442,0,2
1,1,0,6,12,5,120,0,0,3,0,1,174.9285568,0,3
1,1,0,6,12,5,120,0,0,3,1,0,174.9285568,0,3
1,1,0,6,12,5,123.6931688,0,0,3,1,0,161.5549442,0,3
1,1,1,6,13,3,134.1640786,0,0,3,1,0,152.9705854,0,2
1,1,1,6,13,3,134.1640786,0,0,3,1,0,152.9705854,0,2
1,1,0,6,12,5,123.6931688,0,0,3,1,0,161.5549442,0,0
1,1,0,6,12,5,123.6931688,0,0,3,1,0,161.5549442,0,0
1,1,1,5,13,4,94.86832981,0,0,3,1,0,134.1640786,0,0
1,1,2,4,13,4,67.08203932,0,0,3,1,0,108.1665383,0,0
1,1,3,3,14,3,42.42640687,2,0,3,1,0,84.85281374,0,0
1,1,4,2,15,2,30,2,0,1,1,2,67.08203932,3,0
1,1,4,1,16,2,30,2,0,1,1,2,60,3,0
1,1,3,1,17,2,30,2,0,1,1,2,67.08203932,3,0
1,1,1,1,19,2,42.42640687,1,0,1,1,2,84.85281374,3,0
1,1,0,1,20,2,60,0,0,0,2,2,67.08203932,3,0
1,1,0,1,21,1,30,0,0,0,2,2,90,3,0
1,1,0,0,22,0,123.6931688,1,0,0,2,2,67.08203932,3,0
1,1,0,0,22,0,123.6931688,1,0,0,2,2,67.08203932,3,0
1,1,0,0,22,0,123.6931688,1,0,0,2,2,94.86832981,3,0
1,1,0,0,22,0,123.6931688,1,0,0,2,2,90,3,0
1,1,0,0,22,0,123.6931688,1,0,0,2,2,94.86832981,3,0
1,1,0,0,22,0,123.6931688,1,0,0,2,2,94.86832981,3,0
1,1,0,0,22,0,123.6931688,1,0,0,2,2,60,3,1
1,1,0,0,22,0,123.6931688,1,0,0,2,2,60,3,1
1,1,0,0,21,1,94.86832981,1,0,0,2,2,94.86832981,3,1
1,1,0,0,20,2,67.08203932,1,0,1,2,1,84.85281374,0,1
1,1,1,0,19,2,42.42640687,1,0,1,1,2,84.85281374,3,1
1,1,3,0,17,2,30,2,0,1,1,2,67.08203932,3,1
1,1,4,0,16,2,30,2,0,1,1,2,60,3,1
1,1,4,1,15,2,30,2,0,1,1,2,67.08203932,3,1
1,1,3,2,14,3,42.42640687,2,0,3,1,0,84.85281374,0,1
1,1,2,3,13,4,67.08203932,0,0,3,1,0,108.1665383,0,1
1,1,1,4,13,4,94.86832981,0,0,3,1,0,134.1640786,0,0
1,1,1,4,13,4,94.86832981,0,0,3,1,0,134.1640786,0,0
1,1,2,3,13,4,67.08203932,0,0,3,1,0,108.1665383,0,2
1,1,2,3,13,4,67.08203932,0,0,2,1,1,108.1665383,0,1
1,1,2,3,13,4,67.08203932,0,0,3,1,0,108.1665383,0,1
1,1,1,4,13,4,94.86832981,0,0,3,1,0,134.1640786,0,2
1,1,1,4,13,4,94.86832981,0,0,3,1,0,134.1640786,0,2
1,1,0,5,12,5,90,0,0,3,1,0,150,0,0
1,1,0,5,12,5,90,0,0,3,1,0,150,0,0
1,1,0,5,12,5,90,0,0,3,1,0,150,0,2
1,1,0,5,12,5,90,0,0,3,1,0,150,0,2
1,1,0,5,12,5,94.86832981,0,0,3,0,1,169.7056275,0,2
1,1,0,5,11,6,90,0,0,1,0,3,192.0937271,3,2
1,1,0,5,11,6,90,0,0,1,0,3,192.0937271,3,2
1,1,0,5,11,6,90,0,0,1,0,3,192.0937271,3,0
1,1,0,5,11,6,90,0,0,1,0,3,192.0937271,3,0
1,1,0,5,12,5,60,0,0,1,1,2,174.9285568,3,0
1,1,0,4,12,6,30,0,0,1,1,2,161.5549442,3,0
1,1,0,2,13,6,30,0,0,1,1,2,152.9705854,3,0
1,1,0,0,13,7,60,3,0,1,1,2,150,3,0
1,1,0,0,14,6,60,3,0,0,1,3,152.9705854,3,0
1,1,0,0,14,6,60,3,0,0,1,3,152.9705854,3,1
1,1,0,0,14,6,60,3,0,0,1,3,152.9705854,3,1
1,1,0,0,13,7,60,3,0,0,1,3,150,3,1
1,1,0,1,13,6,60,3,0,1,1,2,152.9705854,3,1
1,1,0,2,12,6,67.08203932,3,0,1,0,3,161.5549442,3,1
1,1,0,3,12,5,84.85281374,0,0,1,0,3,174.9285568,3,1
1,1,0,3,11,6,108.1665383,0,0,1,0,3,192.0937271,3,1
1,1,0,3,11,6,134.1640786,0,0,2,0,2,212.1320344,0,1
1,1,0,3,11,6,161.5549442,0,0,3,0,1,234.3074903,0,1
1,1,0,3,11,6,174.9285568,1,0,3,0,1,258.069758,0,3
1,1,0,3,11,6,174.9285568,1,0,3,0,1,258.069758,0,3
1,1,0,3,11,6,161.5549442,1,0,3,0,1,241.8677324,0,3
1,1,0,4,11,5,152.9705854,1,0,3,1,0,228.4731932,0,3
1,1,0,4,11,5,150,1,0,3,1,0,218.4032967,0,1
1,1,0,4,11,5,150,1,0,3,0,1,218.4032967,0,1
1,1,0,4,11,5,120,1,0,3,1,0,247.3863375,0,1
1,1,0,5,11,4,90,1,0,3,0,1,276.5863337,0,1
1,1,0,5,11,4,60,1,0,3,0,1,276.5863337,3,3
1,1,0,5,11,4,60,1,0,3,0,1,276.5863337,3,3
1,1,1,5,10,4,67.08203932,1,0,3,0,1,189.7366596,3,3
1,1,1,5,10,4,84.85281374,1,0,3,0,1,161.5549442,3,1
1,1,1,5,10,4,84.85281374,1,0,3,0,1,161.5549442,3,1
1,1,3,5,8,4,67.08203932,2,0,3,0,1,152.9705854,3,0
1,1,3,5,8,4,67.08203932,2,0,3,0,1,161.5549442,3,0
1,1,1,5,10,4,84.85281374,1,0,3,0,1,212.1320344,3,2
1,1,1,5,10,4,84.85281374,1,0,3,0,1,212.1320344,3,2
1,1,1,5,10,4,67.08203932,1,0,3,0,1,189.7366596,3,1
1,1,1,5,10,4,67.08203932,1,0,3,0,1,189.7366596,3,1
1,1,1,5,10,4,67.08203932,1,0,3,0,1,234.3074903,3,2
1,1,1,5,10,4,67.08203932,1,0,3,0,1,189.7366596,3,1
1,1,1,5,10,4,67.08203932,1,0,3,0,1,201.246118,3,1
1,1,1,5,10,4,42.42640687,1,0,3,0,1,189.7366596,3,1
1,1,1,5,10,4,42.42640687,1,0,3,0,1,182.4828759,3,2
1,1,1,5,10,4,42.42640687,1,0,3,0,1,182.4828759,3,2
1,1,1,5,10,4,30,1,0,3,0,1,218.4032967,3,1
1,1,1,5,10,4,30,1,0,3,0,1,212.1320344,3,1
1,1,1,5,9,4,67.08203932,1,0,3,0,1,218.4032967,3,0
1,1,1,5,9,4,67.08203932,1,0,3,0,1,218.4032967,3,0
1,1,1,5,9,4,94.86832981,1,0,3,0,1,212.1320344,3,3
1,1,1,5,9,4,94.86832981,1,0,3,0,1,212.1320344,3,3
1,1,1,5,9,4,108.1665383,1,0,3,0,1,182.4828759,3,3
1,1,2,5,8,4,94.86832981,3,0,3,0,1,161.5549442,3,3
1,1,4,6,6,3,67.08203932,3,0,3,0,1,123.6931688,3,3
1,1,4,8,6,1,42.42640687,0,0,3,0,1,94.86832981,3,3
1,1,4,8,6,1,42.42640687,0,0,3,0,1,127.2792206,3,0
1,1,4,8,6,1,42.42640687,0,0,3,0,1,108.1665383,3,0
1,1,4,6,7,2,30,3,0,3,0,1,127.2792206,3,3
1,1,4,6,7,2,30,3,0,3,0,1,127.2792206,3,3
1,1,4,7,7,0,42.42640687,0,0,3,1,0,134.1640786,1,2
1,1,4,7,7,0,42.42640687,0,0,3,1,0,161.5549442,1,2
1,1,4,6,7,1,67.08203932,3,0,3,1,0,201.246118,1,1
1,1,4,6,7,1,67.08203932,3,0,3,1,0,201.246118,1,1
1,1,4,7,6,1,42.42640687,3,0,3,1,0,174.9285568,1,1
1,1,4,7,6,1,30,3,0,3,1,0,150,1,1
1,1,4,8,6,0,42.42640687,0,0,3,0,1,108.1665383,3,1
1,1,4,8,6,0,67.08203932,0,0,3,0,1,108.1665383,3,0
1,1,4,8,6,0,67.08203932,0,0,3,0,1,108.1665383,3,0
1,1,4,8,6,0,42.42640687,0,0,3,0,1,127.2792206,3,0
1,1,4,7,6,1,30,3,0,3,0,1,127.2792206,3,0
1,1,4,7,6,1,42.42640687,3,0,3,1,0,150,1,1
1,1,4,7,6,1,42.42640687,3,0,3,0,1,127.2792206,3,1
1,1,4,7,6,1,30,3,0,3,0,1,108.1665383,3,3
1,1,4,7,6,1,30,3,0,3,0,1,108.1665383,3,3
1,1,4,7,6,0,94.86832981,0,0,3,1,0,134.1640786,1,2
1,1,4,7,6,0,94.86832981,0,0,3,1,0,134.1640786,1,2
1,1,4,7,6,0,108.1665383,0,0,3,0,1,108.1665383,3,1
1,1,4,7,6,0,108.1665383,0,0,3,0,1,127.2792206,3,1
1,1,4,7,6,0,123.6931688,1,0,3,0,1,108.1665383,3,1
1,1,4,7,6,0,94.86832981,1,0,3,0,1,90,3,0
1,1,4,7,6,0,94.86832981,1,0,3,0,1,90,3,0
1,1,4,7,6,0,123.6931688,1,0,3,0,1,94.86832981,3,1
1,1,4,7,6,0,123.6931688,1,0,3,0,1,90,3,1
1,1,4,7,6,0,94.86832981,1,0,3,0,1,108.1665383,3,2
1,1,4,7,6,0,94.86832981,1,0,3,0,1,108.1665383,3,2
1,1,4,7,6,0,90,1,0,3,0,1,134.1640786,3,2
1,1,4,7,6,0,90,2,0,3,0,1,161.5549442,3,2
1,1,4,7,6,0,60,2,0,3,0,1,182.4828759,3,2
1,1,4,6,5,2,30,2,0,3,0,1,210,3,2
1,1,2,5,4,5,67.08203932,2,0,3,0,1,241.8677324,3,3
1,1,2,5,4,5,67.08203932,2,0,3,0,1,241.8677324,3,3
1,1,3,6,5,2,94.86832981,2,0,3,0,1,210,3,3
1,1,3,7,6,0,90,1,0,3,0,1,180,3,3
1,1,3,7,6,0,90,1,0,3,0,1,150,3,3
1,1,3,7,6,0,90,1,0,3,0,1,120,3,3
1,1,3,7,6,0,94.86832981,1,0,3,0,1,94.86832981,3,2
1,1,3,7,6,0,94.86832981,1,0,3,0,1,94.86832981,3,2
1,1,3,7,6,0,90,1,0,3,0,1,123.6931688,3,2
1,1,3,7,6,0,90,1,0,3,0,1,161.5549442,3,1
1,1,3,7,6,0,90,1,0,3,0,1,161.5549442,3,1
1,1,3,7,6,0,60,1,0,3,0,1,150,3,1
1,1,3,7,6,0,60,1,0,3,0,1,152.9705854,3,2
1,1,3,7,6,0,60,1,0,3,0,1,174.9285568,3,2
1,1,3,7,5,1,60,1,0,3,0,1,201.246118,3,0
1,1,3,7,5,1,60,1,0,3,0,1,182.4828759,3,0
1,1,3,7,6,0,90,1,0,3,0,1,180,3,0
1,1,3,7,6,0,90,1,0,3,0,1,182.4828759,3,2
1,1,3,7,6,0,90,1,0,3,0,1,189.7366596,3,2
1,1,3,6,5,2,94.86832981,2,0,3,0,1,218.4032967,3,1
1,1,3,6,5,2,94.86832981,2,0,3,0,1,212.1320344,3,1
1,1,3,6,5,2,94.86832981,2,0,3,0,1,212.1320344,3,2
1,1,3,6,5,2,94.86832981,2,0,3,0,1,212.1320344,3,2
1,1,2,5,4,5,67.08203932,2,0,3,0,1,240,3,1
1,1,2,5,4,5,67.08203932,2,0,3,0,1,241.8677324,3,1
1,1,3,6,1,6,60,2,0,3,0,1,247.3863375,3,2
1,1,3,6,1,6,60,2,0,3,0,1,247.3863375,3,2
1,1,1,6,1,8,30,2,0,3,0,1,284.6049894,3,2
1,1,0,6,1,8,30,1,0,3,0,1,313.2091953,3,2
1,1,0,6,1,8,30,1,0,3,0,1,305.9411708,3,1
1,1,0,6,1,8,30,1,0,3,0,1,305.9411708,3,1
1,1,0,6,0,8,90,0,0,3,0,1,323.1098884,3,0
1,1,0,6,0,8,90,0,0,3,0,1,323.1098884,3,0
1,1,0,6,0,8,60,0,0,3,0,1,313.2091953,3,3
1,1,0,6,0,8,60,0,0,3,0,1,301.4962686,3,3
1,1,0,6,0,8,67.08203932,0,0,3,0,1,271.6615541,3,0
1,1,0,6,0,8,67.08203932,0,0,3,0,1,270,3,0
1,1,0,6,0,8,67.08203932,0,0,3,0,1,276.5863337,3,2
1,1,0,6,0,8,67.08203932,0,0,3,0,1,276.5863337,3,2
1,1,0,6,0,8,60,0,0,3,0,1,305.9411708,3,2
1,1,0,6,0,8,60,0,0,3,0,1,301.4962686,3,0
1,1,0,6,0,8,60,0,0,3,0,1,301.4962686,3,0
1,1,0,6,0,8,30,0,0,3,0,1,301.4962686,3,0
1,1,0,5,1,7,169.7056275,3,0,3,0,1,301.4962686,3,0
1,1,0,5,3,5,192.0937271,1,0,3,0,1,301.4962686,3,0
1,1,0,4,5,4,216.3330765,1,0,3,0,1,301.4962686,3,0
1,1,0,4,5,4,216.3330765,1,0,3,0,1,323.1098884,3,3
1,1,0,4,5,4,216.3330765,1,0,3,0,1,313.2091953,3,3
1,1,0,5,6,2,201.246118,1,0,3,0,1,295.4657341,3,3
1,1,0,5,6,2,189.7366596,1,0,3,0,1,268.3281573,3,3
1,1,0,5,6,2,182.4828759,1,0,3,0,1,241.8677324,3,0
1,1,0,5,6,2,182.4828759,1,0,3,0,1,241.8677324,3,0
1,1,0,5,6,2,182.4828759,3,0,3,0,1,258.069758,3,0
1,1,0,5,6,2,180,3,0,3,0,1,258.069758,3,0
1,1,0,4,6,3,180,3,0,3,0,1,247.3863375,0,0
1,1,0,4,6,3,182.4828759,3,0,3,1,0,218.4032967,0,0
1,1,0,4,6,3,152.9705854,0,0,3,1,0,189.7366596,0,0
1,1,0,3,6,4,123.6931688,0,0,3,1,0,161.5549442,0,3
1,1,0,3,6,4,123.6931688,0,0,3,1,0,161.5549442,0,3
1,1,0,4,6,3,134.1640786,0,0,3,1,0,152.9705854,0,3
1,1,0,4,6,3,134.1640786,3,0,3,1,0,150,0,3
1,1,1,3,7,2,108.1665383,3,0,3,1,0,152.9705854,0,3
1,1,2,3,8,0,84.85281374,0,0,3,1,0,161.5549442,0,3
1,1,3,2,8,0,67.08203932,0,0,3,1,0,174.9285568,0,3
1,1,3,2,8,0,60,0,0,3,1,0,192.0937271,0,0
1,1,3,2,8,0,60,0,0,3,1,0,192.0937271,0,0
1,1,3,2,8,0,30,0,1,2,1,0,169.7056275,2,0
1,1,3,1,8,0,67.08203932,0,1,2,1,0,150,2,0
1,1,4,0,8,0,42.42640687,2,1,2,1,0,134.1640786,2,0
1,1,4,0,8,0,30,2,1,2,1,0,120,0,2
1,1,4,0,8,0,30,2,1,2,1,0,120,0,2
1,1,3,0,8,0,180,2,1,2,1,0,94.86832981,2,3
1,1,3,0,8,0,180,2,1,2,1,0,94.86832981,2,3
1,1,3,0,8,0,210,1,1,2,1,0,123.6931688,2,3
1,1,3,0,8,0,212.1320344,1,1,2,1,0,152.9705854,0,3
1,1,3,0,8,0,212.1320344,1,1,2,1,0,152.9705854,2,3
1,1,3,0,8,0,212.1320344,1,2,1,1,0,150,0,0
1,1,3,0,8,0,212.1320344,1,1,2,1,0,150,0,0
0,1,0,0,0,0,-1,-1,6,0,0,1,153.6749817,1,0
0,1,0,0,0,0,-1,-1,6,0,0,1,130.2305648,0,0
0,1,0,0,0,0,-1,-1,6,0,0,1,87.36131867,0,0
0,1,0,0,0,0,-1,-1,6,0,0,1,68.81860214,0,0
0,1,0,0,0,0,-1,-1,4,1,0,1,60.5309838,0,1
0,1,0,0,0,0,-1,-1,5,0,0,1,72.44308111,0,1
0,1,0,0,0,0,-1,-1,5,0,0,1,116.2755348,0,1
0,1,0,0,0,0,-1,-1,5,0,0,1,160.1998752,0,1
0,1,0,0,0,0,-1,-1,5,0,0,1,166.4692164,1,2
0,1,0,0,0,0,-1,-1,4,2,0,0,195.1819664,3,2
0,1,0,0,0,0,-1,-1,4,4,0,0,232.0344802,3,1
0,1,0,0,0,0,-1,-1,4,4,0,0,231.2055363,3,1
0,1,0,0,0,0,-1,-1,5,3,0,0,207.5379483,3,1
0,1,0,0,0,0,-1,-1,7,1,0,0,181.2401721,3,1
0,1,0,0,0,0,-1,-1,7,1,0,0,157.1750616,3,1
0,1,0,0,0,0,-1,-1,7,1,0,0,152.4729484,3,1
0,1,0,0,0,0,-1,-1,7,1,0,0,168.7601849,3,1
0,1,0,0,0,0,-1,-1,7,1,0,0,158.2403236,3,1
0,1,0,0,0,0,-1,-1,7,1,0,0,175.6359872,3,1
0,1,0,0,0,0,-1,-1,7,1,0,0,189.6523135,3,1
0,1,0,0,0,0,-1,-1,7,1,0,0,197.5854246,3,0
0,1,0,0,0,0,-1,-1,7,1,0,0,204.7828118,3,0
0,1,0,0,0,0,-1,-1,7,1,0,0,216.5917819,3,0
0,1,0,0,0,0,-1,-1,7,1,0,0,200.3596766,3,0
0,1,0,0,0,0,-1,-1,7,1,0,0,207.6920798,3,0
0,1,0,0,0,0,-1,-1,7,1,0,0,196.1631974,3,3
0,1,0,0,0,0,-1,-1,7,1,0,0,164.4384383,3,3
0,1,0,0,0,0,-1,-1,7,1,0,0,132.9661611,3,3
0,1,0,0,0,0,-1,-1,7,1,0,0,91.38927727,3,3
0,1,0,0,0,0,-1,-1,7,1,0,0,80.49844719,3,3
0,1,0,0,0,0,-1,-1,7,0,0,1,45.607017,1,3
0,1,0,0,0,0,-1,-1,7,0,0,1,39.39543121,1,3
0,1,0,0,0,0,-1,-1,7,0,0,1,45.607017,1,3
0,1,0,0,0,0,-1,-1,7,0,1,0,72.11102551,2,1
0,1,0,0,0,0,-1,-1,7,0,1,0,72.44308111,2,1
0,1,0,0,0,0,-1,-1,7,0,1,0,99.03534723,2,2
0,1,0,0,0,0,-1,-1,8,0,0,0,88.54377448,0,0
0,1,0,0,0,0,-1,-1,8,0,0,0,57.27128425,0,0
0,1,0,0,0,0,-1,-1,7,0,1,0,39.59797975,2,0
0,1,0,0,0,0,-1,-1,7,0,1,0,32.24903099,2,0
0,1,0,0,0,0,-1,-1,7,0,0,1,39.59797975,1,0
0,1,0,0,0,0,-1,-1,6,0,1,2,88.09086218,1,1
0,1,0,0,0,0,-1,-1,6,0,1,2,44.18144407,1,1
0,1,0,0,0,0,-1,-1,6,0,1,1,80.89499366,1,1
0,1,0,0,0,0,-1,-1,6,0,1,1,77.25283166,2,1
0,1,0,0,0,0,-1,-1,6,0,1,1,41.76122604,1,1
0,1,0,0,0,0,-1,-1,7,0,1,0,30.46309242,2,1
0,1,0,0,0,0,-1,-1,7,0,0,0,187.4459922,0,1
0,1,0,0,0,0,-1,-1,7,0,0,0,175.4536976,0,1
0,1,0,0,0,0,-1,-1,6,0,1,0,171.7672844,2,2
0,1,0,0,0,0,-1,-1,6,0,1,0,139.5421083,2,2
0,1,0,0,0,0,-1,-1,6,0,1,0,128.996124,2,2
0,1,0,0,0,0,-1,-1,6,0,1,0,102.4499878,2,0
0,1,0,0,0,0,-1,-1,6,0,1,0,95.41488354,2,0
0,1,0,0,0,0,-1,-1,6,0,1,0,68.35202996,2,0
0,1,0,0,0,0,-1,-1,6,0,1,0,67.05221846,2,0
0,1,0,0,0,0,-1,-1,6,0,1,0,71.55417528,2,0
0,1,0,0,0,0,-1,-1,6,0,0,1,76.83749085,1,0
0,1,0,0,0,0,-1,-1,6,0,0,1,93.63759929,1,0
0,1,0,0,0,0,-1,-1,6,0,0,1,76,0,0
0,1,0,0,0,0,-1,-1,6,0,0,1,50.59644256,0,0
0,1,0,0,0,0,-1,-1,4,0,1,1,140.9113196,1,0
0,1,0,0,0,0,-1,-1,3,0,2,1,137.6372043,2,0
0,1,0,0,0,0,-1,-1,3,0,2,1,109.1787525,0,0
0,1,0,0,0,0,-1,-1,3,0,2,1,65.96969001,0,0
0,1,0,0,0,0,-1,-1,3,0,2,1,54.40588203,0,0
0,1,0,0,0,0,-1,-1,1,0,3,1,116.4817582,2,0
0,1,0,0,0,0,-1,-1,0,0,4,1,112.0714058,2,0
0,1,0,0,0,0,-1,-1,0,0,4,1,98.79271228,2,0
0,1,0,0,0,0,-1,-1,0,0,3,2,95.07891459,2,0
0,1,0,0,0,0,-1,-1,0,0,2,3,94.14881837,2,0
0,1,0,0,0,0,-1,-1,0,0,2,3,112.0714058,2,0
0,1,0,0,0,0,-1,-1,0,0,2,3,118.1862936,2,1
0,1,0,0,0,0,-1,-1,0,0,3,2,94.14881837,2,1
0,1,0,0,0,0,-1,-1,0,0,3,2,92.34717104,2,1
0,1,0,0,0,0,-1,-1,0,0,4,1,98.79271228,2,1
0,1,0,0,0,0,-1,-1,0,0,4,1,112.0714058,2,1
0,1,0,0,0,0,-1,-1,0,0,4,1,124.0644994,2,1
0,1,0,0,0,0,-1,-1,1,0,3,1,117.6435294,2,1
0,1,0,0,0,0,-1,-1,2,0,2,1,96.33275663,2,1
0,1,0,0,0,0,-1,-1,3,0,1,1,102.5280449,2,1
0,1,0,0,0,0,-1,-1,3,0,1,1,107.3312629,2,1
0,1,0,0,0,0,-1,-1,3,0,1,1,113.2077736,2,1
0,1,0,0,0,0,-1,-1,3,0,1,1,120,2,1
0,1,0,0,0,0,-1,-1,3,0,1,1,150.146595,2,1
0,1,0,0,0,0,-1,-1,4,0,0,1,136,1,1
0,1,0,0,0,0,-1,-1,4,0,0,1,125.5388386,1,1
0,1,0,0,0,0,-1,-1,4,1,0,0,113.137085,3,1
0,1,0,0,0,0,-1,-1,4,1,0,0,95.41488354,3,1
0,1,0,0,0,0,-1,-1,4,1,0,0,83.52245207,3,1
0,1,0,0,0,0,-1,-1,4,1,0,0,64.12487817,3,1
0,1,0,0,0,0,-1,-1,4,1,0,0,80,3,1
0,1,0,0,0,0,-1,-1,4,1,0,0,87.7268488,3,3
0,1,0,0,0,0,-1,-1,5,0,0,0,79.39773297,0,3
0,1,0,0,0,0,-1,-1,5,0,0,0,79.39773297,0,3
0,1,0,0,0,0,-1,-1,5,0,0,0,79.39773297,0,3
0,1,0,0,0,0,-1,-1,5,0,0,0,92.08691547,0,3
0,1,0,0,0,0,-1,-1,5,0,0,0,84.09518417,0,3
0,1,0,0,0,0,-1,-1,5,0,0,0,69.97142274,0,3
0,1,0,0,0,0,-1,-1,5,0,0,0,63.2455532,0,3
0,1,0,0,0,0,-1,-1,5,0,0,0,80.99382693,0,0
0,1,0,0,0,0,-1,-1,5,0,0,0,65.11528238,0,0
0,1,0,0,0,0,-1,-1,4,0,1,0,44.18144407,2,0
0,1,0,0,0,0,-1,-1,4,0,0,0,343.4646998,0,2
0,1,0,0,0,0,-1,-1,4,0,0,0,326.3862742,0,2
0,1,0,0,0,0,-1,-1,4,0,0,0,333.7304301,0,2
0,1,0,0,0,0,-1,-1,4,0,0,0,331.0589071,0,2
0,1,0,0,0,0,-1,-1,4,0,0,0,336.2142174,0,0
0,1,0,0,0,0,-1,-1,4,0,0,0,292.2464713,0,0
0,1,0,0,0,0,-1,-1,4,0,0,0,264.2725865,0,0
0,1,0,0,0,0,-1,-1,4,0,0,0,252.2855525,0,0
0,1,0,0,0,0,-1,-1,4,0,0,0,224.3211983,0,0
0,1,0,0,0,0,-1,-1,4,0,0,0,197.9898987,0,0
0,1,0,0,0,0,-1,-1,4,0,0,0,173.6663468,0,0
0,1,0,0,0,0,-1,-1,4,0,0,0,131.5750736,0,0
0,1,0,0,0,0,-1,-1,4,0,0,0,120.3328717,0,0
0,1,0,0,0,0,-1,-1,4,0,0,0,80.99382693,0,0
0,1,0,0,0,0,-1,-1,4,0,0,0,48.82622246,0,0
0,1,0,0,0,0,-1,-1,3,0,1,0,28.28427125,2,0
0,1,0,0,0,0,-1,-1,3,0,0,0,64.49806199,0,2
0,1,0,0,0,0,-1,-1,3,0,0,0,44.72135955,0,0
0,1,0,0,0,0,-1,-1,2,0,0,0,57.27128425,0,0
0,1,0,0,0,0,-1,-1,2,0,0,0,45.607017,0,0